1111111111111111111111111111111111111111111111111110111111111111111111111111110111111
1111111111111111111111111111111111111111111111111110111111111111110111111111110111111
1011111101011111111101111110111111111111111111111101011101101100111011110111111111111
1111111111101011111111111111101111111111111111011111111111111111111111111111111111111
1111110111111100010111101011011011001010011111111111111110111111111111111111111101111
1110111111111111111111111111111111111111111111111111111111111111111111111011111111111
1011000100001000010001000000000000000000000001010001000000000100001001110110011001000
1111100111101000010111100001000001001010011111011011111010111111111101111111011101111
1111111111111111011111111111111011111011111111111111111111111111111111111111111111111
1010000100000000010001000000000000000000000001010001000000000000001001010000011001000
1011111100011111111101011110111110110111110001110101000101001100001011110110111111110
1010000100000000000001000000000000000000000001000001000000000000001000010000011000000
1111111111111101111111101011111111001110111111111111111111111111111111111111111101111
1011111101111111111101111110111111111111111111111101011101101100111011110111111111111
1111110111101000010111101011001011001010011111011111111010111111111101111111011101111
1111110111101000010111101011001011001010011111011111111110111111111111111111111101111
1111111111111111111111101111111111111110111111111111111111111111111111111111111111111
1011000100000000010001000000000000000000000001010001000000000000001001010100011001000
1111100111101000010111101001000001001010011111011011111010111111111101111111011101111
1111111111111110111111111111011111111111111111111111111111111111111111111111111111111
1011011100011111111101011110111110110101110001110101000101000100001011110110111011100
1111111111111111111111101111111111011110111111111111111111111111111111111111111101111
1111110111101000010111101011001011001010011111011011111010111111111101111111011101111
1000000000000000000000000000000000000000000001000000000000000000000000000000000000000
1111111111101111111111111111101111111111111111111111111111111111111111111111111111111
1111111111101011111111111111101111111111111111111111111111111111111111111111111111111
1010000100000000000001000000000000000000000001000000000000000000000000000000010000000
1111111111111101111111101011111111001110011111111111111111111111111111111111111101111
1111111111111111111101111110111111111111111111111101111111111111111111111111111111111
1011111101011111111101111110111111110111111001111101010101001100101011110110111111110
1111111111111111111111011111111111111111111111111111111111111111011111111111111111111
1011111101011111111101011110111111110111110001111101010101001100001011110110111111110
1111111111111111111111111111111111111111111111111111111111111011111111011111111111111
1111111111111111111111111111111111111111111111111111111011111111111101111111111111111
1000000100000000000001000000000000000000000001000000000000000000000000000000010000000
1111111111111111111101111111111111111111111111111101111111111111111111111111111111111
1111111111111111111111111101110111111111111111111111111111111111111111111111111111111
1011111101011111111101111110111111111111111011111101011101101100101011110111111111111
1111111111110111111111111111111111111111111111111111111111111011111111011111111111111
1111111111111111111111111111111111111111111111111111111111111101111011111111111111111
1111111111111111111101111110111111111111111111111101111111111101111011110111111111111
1111101111111111111111111101110101111111111111111111111111111111111111111111111111111
1111100111101000010011100001000001001010001111011011111010111111111101111111011101111
1111111111111111111111111111111110111111111111111111101111111111111111111111111111111
1011111101011111111101011110111110110111110001111101000101001100001011110110111111110
1111111111111111111111111111111111111111111111111111111011111111111101111111011111111
1111111111111111111111111111111111111111111101111111110111111111111111111111111111111
1111100111101000010011100001000001001010001111011011111010111111111101111111011101011
1111011111111111111111111111111111111101111111111111111111111111111111111111111111101
1011000100000000010001000000000000000000000001010001000000000000001001010110011001000
1111110111111101110111101011111111001110011111111111111110111111111111111111111101111
1111111111111111111111111111111111111111111101111111110111111111111111111110111111111
1010000100000000000001000000000000000000000001000001000000000000001000000000011000000
1111111011111111111110111111111111111111111111111111111111111111111111111111111111111
1111111111111111111101111110111111111111111111111101111101111100111011110111111111111
1111111111111111101111111111111111111111111111111111111111111111111111111111111110111
1011111101011111111101111110111111110111111011111101011101001100101011110111111111111
1111111111111111111111111111111111111111111111101111111111111111111110111111111111111
1111111111111111111101111110111111111111111111111101111111111100111011110111111111111
1111110111111111111111111111111111111111111111111111111110111111111111111111111111111
1111110111111100110111101011011111001110011111111111111110111111111111111111111101111
1011111101011111111101111110111111111111111011111101011101001100101011110111111111111
1111111111111111111111101111111111111110111111111111111111111111111111111111111101111
1111011111111111111111111111111111111101111111111111111111111111111111111111111111111
1011111111111111111101111110111111111111111111111101111101111100111011110111111111111
1011111111111111111101111110111111111111111111111101111101101100111011110111111111111
1111111111111111111111111111111111111111111011111111111111111111101111111111111111111
1111111011111111111110111111111111111111111111111111111111111111111111111111101111111
1111101111111111111111111101110111111111111111111111111111111111111111111111111111111
1111111111111111111111111111111111111111111101111111110111111111111111111110111111110
1011111100011111111101011110111110110111110001111101000101001100001011110110111111110
1111011111111111111111111111111111111101111111111111111111110111111111111111111111101
1111011111111111111111111111111111111101111111111111111111110111111111111111111011101
1111110111111111110111111111111111111111111111111111111110111111111111111111111111111
1111111111111111111111101111111111001110111111111111111111111111111111111111111101111
1111111111111111111111111111111011111011111111111111111111111111111111111111111111111
1111111111111111111011111111111111111111101111111111111111111111111111111111111111111
1011111111111111111101111110111111111111111111111101011101101100111011110111111111111
1010000100000000010001000000000000000000000001000001000000000000001000010000011001000
1111111111111101111111111011111111111111111111111111111111111111111111111111111111111
1111111111111111111101111110111111111111111111111101111111111101111011111111111111111
1011111101011111111101111110111111110111110001111101010101001100101011110110111111110
