010000000000000000001000000000000000000000001100000000000000000000000000000000000000100000000000000000000000000000001000000010000000000000000000000100000000000000000000000000000000000010
010000000000000000001000000000000000000000001100000000000000000000000000000000000000100000000000000000000000000000001000000010000000000000000000000100000000000000000000000000000000000000
010000000000000000000000000000000000000000001100000000000000000000000000000000000000000000000000000000000000000000001000000010000000000000000000000100000000000000000000000000000000000000
010000000000000000000000000000000000000000001100000000000000000000000000000000000000000000000000000000000000000000000000000010000000000000000000000100000000000000000000000000000000000000
010000000000000000000000000000000000000000001000000000000000000000000000000000000000000000000000000000000000000000000000000010000000000000000000000100000000000000000000000000000000000000
010000000000000000000000000000000000000000001000000000000000000000000000000000000000000000000000000000000000000000000000000000000000000000000000000000000000000000000000000000000000000000
000000000000000000000000000000000000000000000000000000000000000000000000000000000000000000000000000000000000000000000000000010000000000000000000000100000000000000000000000000000000000000
000000000000000000001000000000000000000000000000000000000000000000000000000000000000100000000000000000000000000000000000000000000000000000000000000000000000000000000000000000000000000000
001111111111111111110111111111111111111111110011111111111111111111111111111111111111011111111111111111111111111111110111111101111111111111111111111011111111111111111111111111111111111101
001001000000000000000000100011101000000000000010000000010000000000100000000101000100001000110000001000001001111000100000000100000000000000000000000000001000001100100000001000001000000000
001000000000000000000000000001001000000000000010000000000000000000100000000100000000001000100000000000001000010000000000000000000000000000000000000000000000000000000000001000001000000000
001000000000000000000000000001001000000000000010000000000000000000100000000000000000001000000000000000000000010000000000000000000000000000000000000000000000000000000000001000000000000000
001000000000000000000000000001001000000000000010000000000000000000100000000000000000001000000000000000000000010000000000000000000000000000000000000000000000000000000000000000000000000000
001000000000000000000000000001000000000000000010000000000000000000100000000000000000001000000000000000000000010000000000000000000000000000000000000000000000000000000000000000000000000000
001000000000000000000000000001000000000000000010000000000000000000100000000000000000001000000000000000000000000000000000000000000000000000000000000000000000000000000000000000000000000000
001000000000000000000000000000000000000000000000000000000000000000100000000000000000001000000000000000000000000000000000000000000000000000000000000000000000000000000000000000000000000000
001000000000000000000000000000000000000000000000000000000000000000100000000000000000000000000000000000000000000000000000000000000000000000000000000000000000000000000000000000000000000000
000000000000000000000000000001000000000000000010000000000000000000000000000000000000000000000000000000000000000000000000000000000000000000000000000000000000000000000000000000000000000000
000000000000000000000000000000000000000000000000000000000000000000000000000100000000000000100000000000001000000000000000000000000000000000000000000000000000000000000000000000001000000000
000000000000000000000000000000000000000000000000000000000000000000000000000100000000000000000000000000001000000000000000000000000000000000000000000000000000000000000000000000001000000000
000000000000000000000000000000000000000000000000000000000000000000000000000100000000000000000000000000001000000000000000000000000000000000000000000000000000000000000000000000000000000000
000001000000000000000000100010100000000000000000000000010000000000000000000001000100000000010000001000000001101000100000000100000000000000000000000000001000001100100000000000000000000000
000001000000000000000000100010100000000000000000000000010000000000000000000001000100000000010000001000000001101000000000000100000000000000000000000000001000001100100000000000000000000000
000001000000000000000000100010100000000000000000000000010000000000000000000001000100000000000000001000000001001000000000000100000000000000000000000000001000001100000000000000000000000000
000001000000000000000000000000000000000000000000000000000000000000000000000000000000000000000000000000000000000000000000000000000000000000000000000000001000000000000000000000000000000000
000000000000000000000000100010100000000000000000000000010000000000000000000001000100000000000000001000000001001000000000000100000000000000000000000000000000001100000000000000000000000000
000000000000000000000000100010100000000000000000000000000000000000000000000000000000000000000000001000000000001000000000000100000000000000000000000000000000001000000000000000000000000000
000000000000000000000000100010100000000000000000000000000000000000000000000000000000000000000000001000000000001000000000000100000000000000000000000000000000000000000000000000000000000000
000000000000000000000000100000100000000000000000000000000000000000000000000000000000000000000000001000000000001000000000000100000000000000000000000000000000000000000000000000000000000000
000000000000000000000000100000000000000000000000000000000000000000000000000000000000000000000000001000000000000000000000000000000000000000000000000000000000000000000000000000000000000000
000000000000000000000000000000100000000000000000000000000000000000000000000000000000000000000000000000000000001000000000000100000000000000000000000000000000000000000000000000000000000000
000000000000000000000000000000100000000000000000000000000000000000000000000000000000000000000000000000000000001000000000000000000000000000000000000000000000000000000000000000000000000000
000000000000000000000000000000000000000000000000000000010000000000000000000001000100000000000000000000000001000000000000000000000000000000000000000000000000000100000000000000000000000000
000000000000000000000000000000000000000000000000000000010000000000000000000001000100000000000000000000000001000000000000000000000000000000000000000000000000000000000000000000000000000000
000000000000000000000000000000000000000000000000000000010000000000000000000000000100000000000000000000000000000000000000000000000000000000000000000000000000000000000000000000000000000000
000000000000000000000000000000000000000000000000000000000000000000000000000001000000000000000000000000000001000000000000000000000000000000000000000000000000000000000000000000000000000000
000000000000000000000000000000000000000000000000000000000000000000000000000000000000000000010000000000000000100000000000000000000000000000000000000000000000000000100000000000000000000000
000000000000000000000000000000000000000000000000000000000000000000000000000000000000000000010000000000000000000000000000000000000000000000000000000000000000000000100000000000000000000000
000110111111111111110111011100010111111111110001111111101111111111011111111010111011010111001111110111110110000111010111111001111111111111111111111011110111110011011111110111110111111101
000110111111111111110111011100010111111111110001111111101111111111011111111010111011010111001111110111110110000111010111111001110111111111111111111011110111110011011111110111110111111101
000110111111111111110111011100010111111111110001111111101111111111011111111010111011010111001111110111110110000111010111111001110111111111011111111011110111110011011111110111110111111101
000110111111111111110111011100010111111111110001111111101111111111011111111010111011010111001111110111110110000011010111111001110111111111011111111011110111110011011111110111110111111101
000110111111111111110111011100010111110111110001111111101111111111011111111010111011010111001111110111110110000011010111111001110111111111011111111011110111110011011111110111110111111101
000110111111111111110111011100010111110111110001111111101111111111011111111010111011010111001111110111110100000011010111111001110111111111011111111011110111110011011111110111110111111101
000110111111111111110111011100010111110111110001111111101111111111011111111010111011010111001111110111100100000001010111011001110111111111011111111011110111110011011111110111110111111101
000110111111111111110111011100010111110110110001111111101111110111001111111010011011010111001111100111100100000001010111011001110111111111011111111011100100110011011111110111110111111101
000110111111110111110111011100010111110110110001111111101111110111001111111010011011010111001111100111100100000001010111011001110111111111011111111011100100110011011111110111110111111101
000110111111110111110111011100010111110110110001101111101111110111001111111010011011010111001111100111100100000001010111011001110111111111011111111011100100110011011111110111110111111101
000110111111110111110111011100010111110110110001101111101111110111001111111010011011010111001111100111100100000001000111011001110111111111011111111011100100110011011111110111110111111101
000110111010110111110111011100010111110110110001101111101111010111001111111010011011010111001111100111100100000000000111011001110111111101011111111011100100110011011111110111110111111101
000110111010110111110111011100010111110110110001101111101110010111001111111010011011010111001111100111100100000000000111011001110111111101011111111011100100110011011111110111110111111101
000110111010110111110111011100010111110110110001101111101110010111001111111010011011010111001111100111100100000000000101011001110111111101011111111011100100110011011111110111110111111101
000110111010110111110110011100010111110110110001101111101110010111001111111010011011010111001111100111100100000000000101011001110111111101011111111011100100110011011111110111110111111101
000110111010110111110010011100010111110110110001101111101110010111001111111010011011010111001101100111100100000000000101011001110111111100010111111011100100110011011111110111110110111101
000110101010110111110010011100010101110110110001101111101110010111000101111010011011010011001101100111000000000000000101010001110111111100010111111011100100110010011111110011110010111101
000110101010110111110010011100010101110110110001101111101110010111000101111010011011010011001101100111000000000000000101010001110111111100010111111001100100110010011111110011110010111101
000110101010110111110010001100010101110110110001101111101110010111000101111010011011010011001101100111000000000000000101010001110111111100010111111001100100110010011111110011110010111101
000110101010110111110010001100010101110110010001101111101110010111000101111010011011010011001101100111000000000000000101000001110111110100010111110001100100110010011111110011110010111101
000110001010110111110010001100010100110110010001101111101110010111000101111010011011010011001101100111000000000000000101000001110111110100010111110001100100110010011111110011110010011101
000110001010110111110010001100010100110110010000101111101110010111000101111010011011010011001101100111000000000000000101000001110111110100010111110001100100110010011111110011110010011101
000110000000010100100010001100010100010110010000101111001110000111000101011010001010010011000000100110000000000000000101000000010110000100010111110001100000110000010111110010010000011001
000110000000010100100010001100010100010110010000101111001110000111000101011010001010010011000000100110000000000000000001000000010110000100010111110001100000110000010111110010010000011001
000110000000010100100010001100000100010110010000101111001110000110000101011010001010010011000000100110000000000000000001000000010110000100010111110001100000110000000111110010010000011001
000110000000000100000010000000000100010110000000001101001100000110000101011010000010010001000000100010000000000000000000000000000010000000000100110000000000000000000110100010010000001001
000110000000000100000010000000000100010110000000001101001100000110000101011010000010010001000000100010000000000000000000000000000010000000000100110000000000000000000110100010010000001000
000100000000000100000000000000000100010110000000001101001000000110000000011010000010010001000000100000000000000000000000000000000010000000000000000000000000000000000110100010000000001000
000100000000000100000000000000000100010110000000001101001000000110000000011010000010010001000000100000000000000000000000000000000010000000000000000000000000000000000110000010000000001000
000100000000000100000000000000000100000100000000001101001000000110000000011010000010000001000000100000000000000000000000000000000010000000000000000000000000000000000110000010000000001000
000100000000000100000000000000000000000100000000001001001000000010000000011010000000000001000000000000000000000000000000000000000010000000000000000000000000000000000110000010000000001000
000100000000000100000000000000000000000100000000001000001000000010000000011010000000000001000000000000000000000000000000000000000010000000000000000000000000000000000110000010000000001000
000100000000000100000000000000000000000100000000001000001000000010000000011010000000000001000000000000000000000000000000000000000000000000000000000000000000000000000110000010000000001000
000100000000000000000000000000000000000000000000000000000000000000000000001000000000000000000000000000000000000000000000000000000000000000000000000000000000000000000000000000000000000000
000000000000000100000000000000000000000100000000001000001000000010000000010010000000000001000000000000000000000000000000000000000000000000000000000000000000000000000110000010000000001000
000000000000000100000000000000000000000100000000001000000000000010000000010010000000000001000000000000000000000000000000000000000000000000000000000000000000000000000110000010000000001000
000000000000000100000000000000000000000000000000000000000000000000000000000000000000000000000000000000000000000000000000000000000000000000000000000000000000000000000000000000000000001000
000000000000000000000000000000000000000100000000001000000000000010000000010010000000000001000000000000000000000000000000000000000000000000000000000000000000000000000110000010000000000000
000000000000000000000000000000000000000100000000000000000000000010000000010010000000000001000000000000000000000000000000000000000000000000000000000000000000000000000110000010000000000000
000000000000000000000000000000000000000100000000000000000000000010000000010000000000000001000000000000000000000000000000000000000000000000000000000000000000000000000110000010000000000000
000000000000000000000000000000000000000100000000000000000000000010000000010000000000000001000000000000000000000000000000000000000000000000000000000000000000000000000100000010000000000000
000000000000000000000000000000000000000100000000000000000000000010000000000000000000000001000000000000000000000000000000000000000000000000000000000000000000000000000100000010000000000000
000000000000000000000000000000000000000100000000000000000000000010000000000000000000000000000000000000000000000000000000000000000000000000000000000000000000000000000100000010000000000000
000000000000000000000000000000000000000000000000000000000000000010000000000000000000000000000000000000000000000000000000000000000000000000000000000000000000000000000100000010000000000000
000000000000000000000000000000000000000000000000000000000000000010000000000000000000000000000000000000000000000000000000000000000000000000000000000000000000000000000000000010000000000000
000000000000000000000000000000000100000000000000000100000000000100000000000000000010000000000000100000000000000000000000000000000000000000000000000000000000000000000000000000000000000000
000000000000000000000000000000000100000000000000000000000000000100000000000000000010000000000000000000000000000000000000000000000000000000000000000000000000000000000000000000000000000000
000000000000000000000000000000000000000000000000000000000000000100000000000000000010000000000000000000000000000000000000000000000000000000000000000000000000000000000000000000000000000000
000000000000000000000000000000000000000000000000000100000000000000000000000000000000000000000000100000000000000000000000000000000000000000000000000000000000000000000000000000000000000000
000000000000000000000000000000000000010010000000000000000000000000000000000000000000010000000000000000000000000000000000000000000000000000000000000000000000000000000000000000000000000000
000000000000000000000000000000000000010010000000000000000000000000000000000000000000000000000000000000000000000000000000000000000000000000000000000000000000000000000000000000000000000000
000010000000000000000010000000000000000000000000000000000100000000000101000000000000000000000000000010000000000000000000000000000000000000000100110000000000000000000000000000010000000000
000010000000000000000010000000000000000000000000000000000100000000000100000000000000000000000000000000000000000000000000000000000000000000000100010000000000000000000000000000010000000000
000010000000000000000010000000000000000000000000000000000100000000000000000000000000000000000000000000000000000000000000000000000000000000000100010000000000000000000000000000010000000000
000010000000000000000010000000000000000000000000000000000100000000000000000000000000000000000000000000000000000000000000000000000000000000000000010000000000000000000000000000010000000000
000010000000000000000010000000000000000000000000000000000100000000000000000000000000000000000000000000000000000000000000000000000000000000000000010000000000000000000000000000000000000000
000010000000000000000010000000000000000000000000000000000100000000000000000000000000000000000000000000000000000000000000000000000000000000000000000000000000000000000000000000000000000000
000000000000000000000010000000000000000000000000000000000100000000000000000000000000000000000000000000000000000000000000000000000000000000000000000000000000000000000000000000000000000000
000000000000000000000000000000000000000000000000000000000000000000000001000000000000000000000000000010000000000000000000000000000000000000000000100000000000000000000000000000000000000000
000000000000000000000000000000000000000000000000000000000000000000000000000000000000000000000000000010000000000000000000000000000000000000000000100000000000000000000000000000000000000000
000000000000010000100000001100000000000000010000100010000010000000000000000000001000000010000000000100000000000000000001000000010100000100010011000001100000110000000001010000000000010000
000000000000010000000000000000000000000000000000000010000000000000000000000000001000000000000000000000000000000000000001000000000100000000000011000000100000100000000000000000000000010000
000000000000010000000000000000000000000000000000000010000000000000000000000000001000000000000000000000000000000000000001000000000100000000000011000000100000100000000000000000000000000000
000000000000010000000000000000000000000000000000000010000000000000000000000000001000000000000000000000000000000000000001000000000100000000000011000000000000100000000000000000000000000000
000000000000010000000000000000000000000000000000000010000000000000000000000000000000000000000000000000000000000000000001000000000100000000000011000000000000100000000000000000000000000000
000000000000010000000000000000000000000000000000000010000000000000000000000000000000000000000000000000000000000000000001000000000100000000000011000000000000000000000000000000000000000000
000000000000010000000000000000000000000000000000000000000000000000000000000000000000000000000000000000000000000000000001000000000100000000000011000000000000000000000000000000000000000000
000000000000000000000000000000000000000000000000000000000000000000000000000000000000000000000000000000000000000000000001000000000100000000000011000000000000000000000000000000000000000000
000000000000000000000000000000000000000000000000000000000000000000000000000000000000000000000000000000000000000000000001000000000100000000000010000000000000000000000000000000000000000000
000000000000000000000000000000000000000000000000000000000000000000000000000000000000000000000000000000000000000000000001000000000000000000000010000000000000000000000000000000000000000000
000000000000000000100000001100000000000000010000100000000010000000000000000000000000000010000000000100000000000000000000000000010000000100010000000001000000010000000001010000000000000000
000000000000000000100000001100000000000000000000000000000000000000000000000000000000000010000000000100000000000000000000000000010000000100010000000001000000010000000001000000000000000000
000000000000000000100000001100000000000000000000000000000000000000000000000000000000000000000000000000000000000000000000000000000000000000000000000000000000000000000001000000000000000000
000000000000000000100000001100000000000000000000000000000000000000000000000000000000000000000000000000000000000000000000000000000000000000000000000000000000000000000000000000000000000000
000000000000000000100000001000000000000000000000000000000000000000000000000000000000000000000000000000000000000000000000000000000000000000000000000000000000000000000000000000000000000000
000000000000000000000000000000000000000000000000000000000000000000000000000000000000000010000000000100000000000000000000000000010000000100010000000001000000010000000000000000000000000000
000000000000000000000000000000000000000000000000000000000000000000000000000000000000000010000000000100000000000000000000000000010000000000010000000001000000010000000000000000000000000000
000000000000000000000000000000000000000000000000000000000000000000000000000000000000000010000000000100000000000000000000000000010000000000010000000001000000000000000000000000000000000000
000000000000000000000000000000000000000000000000000000000000000000000000000000000000000010000000000000000000000000000000000000010000000000010000000001000000000000000000000000000000000000
000000000000000000000000000000000000000000000000000000000000000000000000000000000000000000000000000000000000000000000000000000010000000000010000000001000000000000000000000000000000000000
000000000000000000000000000000000000000000000000000000000000000000000000000000000000000000000000000000000000000000000000000000000000000000010000000001000000000000000000000000000000000000
000000000000000000000000000000000000000000010000100000000010000000000000000000000000000000000000000000000000000000000000000000000000000000000000000000000000000000000000010000000000000000
000000000000000000000000000000000000000000010000000000000010000000000000000000000000000000000000000000000000000000000000000000000000000000000000000000000000000000000000010000000000000000
000000000000000000000000000000000000000000010000000000000000000000000000000000000000000000000000000000000000000000000000000000000000000000000000000000000000000000000000010000000000000000
000000000000000000000000000000010000000000000000000000000000000001000000000000000000000000000000000000000000000000000000000000000000000000000000000000000000000000010000000000000000000000
000000000000000000000000000000010000000000000000000000000000000001000000000000000000000000000000000000000000000000000000000000000000000000000000000000000000000000000000000000000000000000
000000001010100011010000000000000000100000000000000000100000010000000000100000010001000000001101000001000000000000000000000001100001110000000000000000000100000010001000000001100010000100
000000001010100011010000000000000000100000000000000000000000010000000000100000010001000000001101000001000000000000000000000001100001110000000000000000000100000010001000000001100010000100
000000001010100011000000000000000000100000000000000000000000000000000000100000010001000000001101000001000000000000000000000001100001110000000000000000000100000000001000000001100010000100
000000001010100011000000000000000000100000000000000000000000000000000000100000010001000000001101000001000000000000000000000000000001110000000000000000000100000000000000000001100010000100
000000001000000000000000000000000000000000000000000000000000000000000000100000010000000000001100000000000000000000000000000000000001010000000000000000000000000000000000000001100010000100
000000001000000000000000000000000000000000000000000000000000000000000000000000010000000000001000000000000000000000000000000000000001010000000000000000000000000000000000000001100010000100
000000001000000000000000000000000000000000000000000000000000000000000000000000010000000000000000000000000000000000000000000000000001010000000000000000000000000000000000000001100010000100
000000000000000000000000000000000000000000000000000000000000000000000000000000010000000000000000000000000000000000000000000000000001010000000000000000000000000000000000000001100010000100
000000000000000000000000000000000000000000000000000000000000000000000000000000010000000000000000000000000000000000000000000000000001010000000000000000000000000000000000000001100010000000
000000000000000000000000000000000000000000000000000000000000000000000000000000010000000000000000000000000000000000000000000000000000000000000000000000000000000000000000000000000010000000
000000000000000000000000000000000000000000000000000000000000000000000000000000000000000000000000000000000000000000000000000000000001010000000000000000000000000000000000000001100000000000
000000000000000000000000000000000000000000000000000000000000000000000000000000000000000000000000000000000000000000000000000000000000010000000000000000000000000000000000000001100000000000
000000000000000000000000000000000000000000000000000000000000000000000000000000000000000000000000000000000000000000000000000000000000000000000000000000000000000000000000000001100000000000
000000000000000000000000000000000000000000000000000000000000000000000000100000000000000000000100000000000000000000000000000000000000000000000000000000000000000000000000000000000000000000
000000000010100011000000000000000000100000000000000000000000000000000000000000000001000000000001000001000000000000000000000000000000100000000000000000000100000000000000000000000000000000
000000000010100010000000000000000000100000000000000000000000000000000000000000000000000000000000000001000000000000000000000000000000100000000000000000000000000000000000000000000000000000
000000000010000000000000000000000000100000000000000000000000000000000000000000000000000000000000000001000000000000000000000000000000100000000000000000000000000000000000000000000000000000
000000000010000000000000000000000000000000000000000000000000000000000000000000000000000000000000000000000000000000000000000000000000100000000000000000000000000000000000000000000000000000
000000000000000000000000000000000000100000000000000000000000000000000000000000000000000000000000000001000000000000000000000000000000000000000000000000000000000000000000000000000000000000
000000000000100010000000000000000000000000000000000000000000000000000000000000000000000000000000000000000000000000000000000000000000000000000000000000000000000000000000000000000000000000
000000000000000001000000000000000000000000000000000000000000000000000000000000000001000000000001000000000000000000000000000000000000000000000000000000000100000000000000000000000000000000
000000000000000001000000000000000000000000000000000000000000000000000000000000000001000000000000000000000000000000000000000000000000000000000000000000000100000000000000000000000000000000
000000000000000001000000000000000000000000000000000000000000000000000000000000000001000000000000000000000000000000000000000000000000000000000000000000000000000000000000000000000000000000
000000000000000000000000000000000000000000000000000000000000000000000000000000000000000000000000000000000000000000000000000001100000000000000000000000000000000000001000000000000000000000
000000000000000000000000000000000000000000000000000000000000000000000000000000000000000000000000000000000000000000000000000001100000000000000000000000000000000000000000000000000000000000
000000000000000000010000000000000000000000000000000000000000010000000000000000000000000000000000000000000000000000000000000000000000000000000000000000000000000010000000000000000000000000
000000000000000000010000000000000000000000000000000000000000000000000000000000000000000000000000000000000000000000000000000000000000000000000000000000000000000010000000000000000000000000
000000100000000000000000000000000001000000000000000000000000000000000000000000000000000000000000000000000000000000000000000000000000000000000000000000000000000000000000000000000000100000
000000100000000000000000000000000001000000000000000000000000000000000000000000000000000000000000000000000000000000000000000000000000000000000000000000000000000000000000000000000000000000
000000000000000000000000000000000000000000100000000000000000000000000000000000000000000000000000000000000000000000000000010000000000001000000000001000000000000000000000000000000000000000
000000000000000000000000000000000000000000100000000000000000000000000000000000000000000000000000000000000000000000000000010000000000000000000000001000000000000000000000000000000000000000
000000000000000000000000000000000000000000100000000000000000000000000000000000000000000000000000000000000000000000000000000000000000000000000000001000000000000000000000000000000000000000
000000010000000000000000000000000010000000000000000000000000000000001010000000000000000100000000000000100100000000000000001000000000000000000000000000000000000001000000000100000100000000
000000010000000000000000000000000010000000000000000000000000000000000010000000000000000100000000000000100100000000000000001000000000000000000000000000000000000001000000000100000100000000
000000010000000000000000000000000010000000000000000000000000000000000010000000000000000100000000000000100000000000000000001000000000000000000000000000000000000001000000000100000100000000
000000010000000000000000000000000000000000000000000000000000000000000000000000000000000000000000000000000000000000000000000000000000000000000000000000000000000000000000000000000100000000
000000000000000000000000000000000010000000000000000000000000000000000010000000000000000100000000000000100000000000000000001000000000000000000000000000000000000001000000000100000000000000
000000000000000000000000000000000010000000000000000000000000000000000010000000000000000100000000000000000000000000000000001000000000000000000000000000000000000000000000000000000000000000
000000000000000000000000000000000000000000000000000000000000000000000010000000000000000100000000000000000000000000000000001000000000000000000000000000000000000000000000000000000000000000
000000000000000000000000000000000000000000000000000000000000000000000010000000000000000000000000000000000000000000000000001000000000000000000000000000000000000000000000000000000000000000
000000000000000000000000000000000000000000000000000000000000000000000000000000000000000000000000000000100000000000000000000000000000000000000000000000000000000001000000000100000000000000
000000000000000000000000000000000000000000000000000000000000000000000000000000000000000000000000000000100000000000000000000000000000000000000000000000000000000001000000000000000000000000
000000000000000000000100000000000000000000000000000000000000000000000000000000000000000000000010000000000000000000000000000000000000000001001000000000000000000000000000000000000001000000
000000000000000000000100000000000000000000000000000000000000000000000000000000000000000000000000000000000000000000000000000000000000000000000000000000000000000000000000000000000001000000
000000000000000000000000000000000000000000000000000000000000000000000000000000000000000000000010000000000000000000000000000000000000000001001000000000000000000000000000000000000000000000
000000000000000000000000000000000000000000000000000000000000000000000000000000000000000000000010000000000000000000000000000000000000000000001000000000000000000000000000000000000000000000
000000000101000000000000000000000000000000000000000000000000100000000000000000000000000000000000000000000000000001000000000000000000000010000000000000000000000000000000000000000000000000
000000000101000000000000000000000000000000000000000000000000000000000000000000000000000000000000000000000000000000000000000000000000000010000000000000000000000000000000000000000000000000
000000000100000000000000000000000000000000000000000000000000000000000000000000000000000000000000000000000000000000000000000000000000000010000000000000000000000000000000000000000000000000
000000000000000000000000000000000000000000000000000000000000100000000000000000000000000000000000000000000000000001000000000000000000000000000000000000000000000000000000000000000000000000
000000000000000000000000000000000000000001000000000000000000001000010000000000100000000000000000010000000000000000000000000000000000000000000000000000010011000000000000000000000000000000
000000000000000000000000000000000000000001000000000000000000001000010000000000100000000000000000010000000000000000000000000000000000000000000000000000010010000000000000000000000000000000
000000000000000000000000000000000000000001000000000000000000001000000000000000100000000000000000010000000000000000000000000000000000000000000000000000010010000000000000000000000000000000
000000000000000000000000000000000000000000000000000000000000001000000000000000100000000000000000010000000000000000000000000000000000000000000000000000010010000000000000000000000000000000
000000000000000000000000000000000000000000000000000000000000001000000000000000100000000000000000000000000000000000000000000000000000000000000000000000010000000000000000000000000000000000
000000000000000000000000000000000000000000000000000000000000000000000000000000100000000000000000000000000000000000000000000000000000000000000000000000010000000000000000000000000000000000
000000000000000000000000000000000000000000000000000000000000000000000000000000000000000000000000010000000000000000000000000000000000000000000000000000000010000000000000000000000000000000
000000000000000000000000000000000000000000000000000000000000000000000000000000000000000000000000000000010000000010000000100000000000000000000000000000000000000000000000000000000000000000
000000000000000000000000000000000000000000000000000000000000000000000000000000000000000000000000000000010000000000000000100000000000000000000000000000000000000000000000000000000000000000
