8567 4700
8568 4698
8568 4699
8568 4700
8569 4696
8569 4697
8569 4698
8569 4699
8569 4700
8570 4694
8570 4695
8570 4696
8570 4697
8570 4698
8570 4699
8570 4700
8571 4692
8571 4693
8571 4694
8571 4695
8571 4696
8571 4697
8571 4698
8571 4699
8571 4700
8572 4690
8572 4691
8572 4692
8572 4693
8572 4694
8572 4695
8572 4696
8572 4697
8572 4698
8572 4699
8572 4700
8573 4688
8573 4689
8573 4690
8573 4691
8573 4692
8573 4693
8573 4694
8573 4695
8573 4696
8573 4697
8573 4698
8573 4699
8573 4700
8574 4686
8574 4687
8574 4688
8574 4689
8574 4690
8574 4691
8574 4692
8574 4693
8574 4694
8574 4695
8574 4696
8574 4697
8574 4698
8574 4699
8574 4700
8575 4684
8575 4685
8575 4686
8575 4687
8575 4688
8575 4689
8575 4690
8575 4691
8575 4692
8575 4693
8575 4694
8575 4695
8575 4696
8575 4697
8575 4698
8575 4699
8575 4700
8576 4682
8576 4683
8576 4684
8576 4685
8576 4686
8576 4687
8576 4688
8576 4689
8576 4690
8576 4691
8576 4692
8576 4693
8576 4694
8576 4695
8576 4696
8576 4697
8576 4698
8576 4699
8576 4700
8577 4680
8577 4681
8577 4682
8577 4683
8577 4684
8577 4685
8577 4686
8577 4687
8577 4688
8577 4689
8577 4690
8577 4691
8577 4692
8577 4693
8577 4694
8577 4695
8577 4696
8577 4697
8577 4698
8577 4699
8577 4700
8578 4678
8578 4679
8578 4680
8578 4681
8578 4682
8578 4683
8578 4684
8578 4685
8578 4686
8578 4687
8578 4688
8578 4689
8578 4690
8578 4691
8578 4692
8578 4693
8578 4694
8578 4695
8578 4696
8578 4697
8578 4698
8578 4699
8578 4700
8579 4676
8579 4677
8579 4678
8579 4679
8579 4680
8579 4681
8579 4682
8579 4683
8579 4684
8579 4685
8579 4686
8579 4687
8579 4688
8579 4689
8579 4690
8579 4691
8579 4692
8579 4693
8579 4694
8579 4695
8579 4696
8579 4697
8579 4698
8579 4699
8579 4700
8580 4674
8580 4675
8580 4676
8580 4677
8580 4678
8580 4679
8580 4680
8580 4681
8580 4682
8580 4683
8580 4684
8580 4685
8580 4686
8580 4687
8580 4688
8580 4689
8580 4690
8580 4691
8580 4692
8580 4693
8580 4694
8580 4695
8580 4696
8580 4697
8580 4698
8580 4699
8580 4700
8581 4672
8581 4673
8581 4674
8581 4675
8581 4676
8581 4677
8581 4678
8581 4679
8581 4680
8581 4681
8581 4682
8581 4683
8581 4684
8581 4685
8581 4686
8581 4687
8581 4688
8581 4689
8581 4690
8581 4691
8581 4692
8581 4693
8581 4694
8581 4695
8581 4696
8581 4697
8581 4698
8581 4699
8581 4700
8582 4670
8582 4671
8582 4672
8582 4673
8582 4674
8582 4675
8582 4676
8582 4677
8582 4678
8582 4679
8582 4680
8582 4681
8582 4682
8582 4683
8582 4684
8582 4685
8582 4686
8582 4687
8582 4688
8582 4689
8582 4690
8582 4691
8582 4692
8582 4693
8582 4694
8582 4695
8582 4696
8582 4697
8582 4698
8582 4699
8582 4700
8583 4668
8583 4669
8583 4670
8583 4671
8583 4672
8583 4673
8583 4674
8583 4675
8583 4676
8583 4677
8583 4678
8583 4679
8583 4680
8583 4681
8583 4682
8583 4683
8583 4684
8583 4685
8583 4686
8583 4687
8583 4688
8583 4689
8583 4690
8583 4691
8583 4692
8583 4693
8583 4694
8583 4695
8583 4696
8583 4697
8583 4698
8583 4699
8583 4700
8584 4666
8584 4667
8584 4668
8584 4669
8584 4670
8584 4671
8584 4672
8584 4673
8584 4674
8584 4675
8584 4676
8584 4677
8584 4678
8584 4679
8584 4680
8584 4681
8584 4682
8584 4683
8584 4684
8584 4685
8584 4686
8584 4687
8584 4688
8584 4689
8584 4690
8584 4691
8584 4692
8584 4693
8584 4694
8584 4695
8584 4696
8584 4697
8584 4698
8584 4699
8584 4700
8585 4664
8585 4665
8585 4666
8585 4667
8585 4668
8585 4669
8585 4670
8585 4671
8585 4672
8585 4673
8585 4674
8585 4675
8585 4676
8585 4677
8585 4678
8585 4679
8585 4680
8585 4681
8585 4682
8585 4683
8585 4684
8585 4685
8585 4686
8585 4687
8585 4688
8585 4689
8585 4690
8585 4691
8585 4692
8585 4693
8585 4694
8585 4695
8585 4696
8585 4697
8585 4698
8585 4699
8585 4700
8586 4662
8586 4663
8586 4664
8586 4665
8586 4666
8586 4667
8586 4668
8586 4669
8586 4670
8586 4671
8586 4672
8586 4673
8586 4674
8586 4675
8586 4676
8586 4677
8586 4678
8586 4679
8586 4680
8586 4681
8586 4682
8586 4683
8586 4684
8586 4685
8586 4686
8586 4687
8586 4688
8586 4689
8586 4690
8586 4691
8586 4692
8586 4693
8586 4694
8586 4695
8586 4696
8586 4697
8586 4698
8586 4699
8586 4700
8587 4660
8587 4661
8587 4662
8587 4663
8587 4664
8587 4665
8587 4666
8587 4667
8587 4668
8587 4669
8587 4670
8587 4671
8587 4672
8587 4673
8587 4674
8587 4675
8587 4676
8587 4677
8587 4678
8587 4679
8587 4680
8587 4681
8587 4682
8587 4683
8587 4684
8587 4685
8587 4686
8587 4687
8587 4688
8587 4689
8587 4690
8587 4691
8587 4692
8587 4693
8587 4694
8587 4695
8587 4696
8587 4697
8587 4698
8587 4699
8587 4700
8588 4658
8588 4659
8588 4660
8588 4661
8588 4662
8588 4663
8588 4664
8588 4665
8588 4666
8588 4667
8588 4668
8588 4669
8588 4670
8588 4671
8588 4672
8588 4673
8588 4674
8588 4675
8588 4676
8588 4677
8588 4678
8588 4679
8588 4680
8588 4681
8588 4682
8588 4683
8588 4684
8588 4685
8588 4686
8588 4687
8588 4688
8588 4689
8588 4690
8588 4691
8588 4692
8588 4693
8588 4694
8588 4695
8588 4696
8588 4697
8588 4698
8588 4699
8588 4700
8589 4656
8589 4657
8589 4658
8589 4659
8589 4660
8589 4661
8589 4662
8589 4663
8589 4664
8589 4665
8589 4666
8589 4667
8589 4668
8589 4669
8589 4670
8589 4671
8589 4672
8589 4673
8589 4674
8589 4675
8589 4676
8589 4677
8589 4678
8589 4679
8589 4680
8589 4681
8589 4682
8589 4683
8589 4684
8589 4685
8589 4686
8589 4687
8589 4688
8589 4689
8589 4690
8589 4691
8589 4692
8589 4693
8589 4694
8589 4695
8589 4696
8589 4697
8589 4698
8589 4699
8589 4700
8590 4656
8590 4657
8590 4658
8590 4659
8590 4660
8590 4661
8590 4662
8590 4663
8590 4664
8590 4665
8590 4666
8590 4667
8590 4668
8590 4669
8590 4670
8590 4671
8590 4672
8590 4673
8590 4674
8590 4675
8590 4676
8590 4677
8590 4678
8590 4679
8590 4680
8590 4681
8590 4682
8590 4683
8590 4684
8590 4685
8590 4686
8590 4687
8590 4688
8590 4689
8590 4690
8590 4691
8590 4692
8590 4693
8590 4694
8590 4695
8590 4696
8590 4697
8590 4698
8591 4656
8591 4657
8591 4658
8591 4659
8591 4660
8591 4661
8591 4662
8591 4663
8591 4664
8591 4665
8591 4666
8591 4667
8591 4668
8591 4669
8591 4670
8591 4671
8591 4672
8591 4673
8591 4674
8591 4675
8591 4676
8591 4677
8591 4678
8591 4679
8591 4680
8591 4681
8591 4682
8591 4683
8591 4684
8591 4685
8591 4686
8591 4687
8591 4688
8591 4689
8591 4690
8591 4691
8591 4692
8591 4693
8591 4694
8591 4695
8591 4696
8592 4656
8592 4657
8592 4658
8592 4659
8592 4660
8592 4661
8592 4662
8592 4663
8592 4664
8592 4665
8592 4666
8592 4667
8592 4668
8592 4669
8592 4670
8592 4671
8592 4672
8592 4673
8592 4674
8592 4675
8592 4676
8592 4677
8592 4678
8592 4679
8592 4680
8592 4681
8592 4682
8592 4683
8592 4684
8592 4685
8592 4686
8592 4687
8592 4688
8592 4689
8592 4690
8592 4691
8592 4692
8592 4693
8592 4694
8593 4656
8593 4657
8593 4658
8593 4659
8593 4660
8593 4661
8593 4662
8593 4663
8593 4664
8593 4665
8593 4666
8593 4667
8593 4668
8593 4669
8593 4670
8593 4671
8593 4672
8593 4673
8593 4674
8593 4675
8593 4676
8593 4677
8593 4678
8593 4679
8593 4680
8593 4681
8593 4682
8593 4683
8593 4684
8593 4685
8593 4686
8593 4687
8593 4688
8593 4689
8593 4690
8593 4691
8593 4692
8594 4656
8594 4657
8594 4658
8594 4659
8594 4660
8594 4661
8594 4662
8594 4663
8594 4664
8594 4665
8594 4666
8594 4667
8594 4668
8594 4669
8594 4670
8594 4671
8594 4672
8594 4673
8594 4674
8594 4675
8594 4676
8594 4677
8594 4678
8594 4679
8594 4680
8594 4681
8594 4682
8594 4683
8594 4684
8594 4685
8594 4686
8594 4687
8594 4688
8594 4689
8594 4690
8595 4656
8595 4657
8595 4658
8595 4659
8595 4660
8595 4661
8595 4662
8595 4663
8595 4664
8595 4665
8595 4666
8595 4667
8595 4668
8595 4669
8595 4670
8595 4671
8595 4672
8595 4673
8595 4674
8595 4675
8595 4676
8595 4677
8595 4678
8595 4679
8595 4680
8595 4681
8595 4682
8595 4683
8595 4684
8595 4685
8595 4686
8595 4687
8595 4688
8596 4656
8596 4657
8596 4658
8596 4659
8596 4660
8596 4661
8596 4662
8596 4663
8596 4664
8596 4665
8596 4666
8596 4667
8596 4668
8596 4669
8596 4670
8596 4671
8596 4672
8596 4673
8596 4674
8596 4675
8596 4676
8596 4677
8596 4678
8596 4679
8596 4680
8596 4681
8596 4682
8596 4683
8596 4684
8596 4685
8596 4686
8597 4656
8597 4657
8597 4658
8597 4659
8597 4660
8597 4661
8597 4662
8597 4663
8597 4664
8597 4665
8597 4666
8597 4667
8597 4668
8597 4669
8597 4670
8597 4671
8597 4672
8597 4673
8597 4674
8597 4675
8597 4676
8597 4677
8597 4678
8597 4679
8597 4680
8597 4681
8597 4682
8597 4683
8597 4684
8598 4656
8598 4657
8598 4658
8598 4659
8598 4660
8598 4661
8598 4662
8598 4663
8598 4664
8598 4665
8598 4666
8598 4667
8598 4668
8598 4669
8598 4670
8598 4671
8598 4672
8598 4673
8598 4674
8598 4675
8598 4676
8598 4677
8598 4678
8598 4679
8598 4680
8598 4681
8598 4682
8599 4656
8599 4657
8599 4658
8599 4659
8599 4660
8599 4661
8599 4662
8599 4663
8599 4664
8599 4665
8599 4666
8599 4667
8599 4668
8599 4669
8599 4670
8599 4671
8599 4672
8599 4673
8599 4674
8599 4675
8599 4676
8599 4677
8599 4678
8599 4679
8599 4680
8600 4656
8600 4657
8600 4658
8600 4659
8600 4660
8600 4661
8600 4662
8600 4663
8600 4664
8600 4665
8600 4666
8600 4667
8600 4668
8600 4669
8600 4670
8600 4671
8600 4672
8600 4673
8600 4674
8600 4675
8600 4676
8600 4677
8600 4678
8601 4656
8601 4657
8601 4658
8601 4659
8601 4660
8601 4661
8601 4662
8601 4663
8601 4664
8601 4665
8601 4666
8601 4667
8601 4668
8601 4669
8601 4670
8601 4671
8601 4672
8601 4673
8601 4674
8601 4675
8601 4676
8602 4656
8602 4657
8602 4658
8602 4659
8602 4660
8602 4661
8602 4662
8602 4663
8602 4664
8602 4665
8602 4666
8602 4667
8602 4668
8602 4669
8602 4670
8602 4671
8602 4672
8602 4673
8602 4674
8603 4656
8603 4657
8603 4658
8603 4659
8603 4660
8603 4661
8603 4662
8603 4663
8603 4664
8603 4665
8603 4666
8603 4667
8603 4668
8603 4669
8603 4670
8603 4671
8603 4672
8604 4656
8604 4657
8604 4658
8604 4659
8604 4660
8604 4661
8604 4662
8604 4663
8604 4664
8604 4665
8604 4666
8604 4667
8604 4668
8604 4669
8604 4670
8605 4656
8605 4657
8605 4658
8605 4659
8605 4660
8605 4661
8605 4662
8605 4663
8605 4664
8605 4665
8605 4666
8605 4667
8605 4668
8606 4656
8606 4657
8606 4658
8606 4659
8606 4660
8606 4661
8606 4662
8606 4663
8606 4664
8606 4665
8606 4666
8607 4656
8607 4657
8607 4658
8607 4659
8607 4660
8607 4661
8607 4662
8607 4663
8607 4664
8608 4656
8608 4657
8608 4658
8608 4659
8608 4660
8608 4661
8608 4662
8609 4656
8609 4657
8609 4658
8609 4659
8609 4660
8610 4656
8610 4657
8610 4658
8611 4656
14721 4699
14722 4697
14722 4698
14722 4699
14723 4695
14723 4696
14723 4697
14723 4698
14723 4699
14724 4693
14724 4694
14724 4695
14724 4696
14724 4697
14724 4698
14724 4699
14725 4691
14725 4692
14725 4693
14725 4694
14725 4695
14725 4696
14725 4697
14725 4698
14725 4699
14726 4689
14726 4690
14726 4691
14726 4692
14726 4693
14726 4694
14726 4695
14726 4696
14726 4697
14726 4698
14726 4699
14727 4687
14727 4688
14727 4689
14727 4690
14727 4691
14727 4692
14727 4693
14727 4694
14727 4695
14727 4696
14727 4697
14727 4698
14727 4699
14728 4685
14728 4686
14728 4687
14728 4688
14728 4689
14728 4690
14728 4691
14728 4692
14728 4693
14728 4694
14728 4695
14728 4696
14728 4697
14728 4698
14728 4699
14729 4683
14729 4684
14729 4685
14729 4686
14729 4687
14729 4688
14729 4689
14729 4690
14729 4691
14729 4692
14729 4693
14729 4694
14729 4695
14729 4696
14729 4697
14729 4698
14729 4699
14730 4681
14730 4682
14730 4683
14730 4684
14730 4685
14730 4686
14730 4687
14730 4688
14730 4689
14730 4690
14730 4691
14730 4692
14730 4693
14730 4694
14730 4695
14730 4696
14730 4697
14730 4698
14730 4699
14731 4679
14731 4680
14731 4681
14731 4682
14731 4683
14731 4684
14731 4685
14731 4686
14731 4687
14731 4688
14731 4689
14731 4690
14731 4691
14731 4692
14731 4693
14731 4694
14731 4695
14731 4696
14731 4697
14731 4698
14731 4699
14732 4677
14732 4678
14732 4679
14732 4680
14732 4681
14732 4682
14732 4683
14732 4684
14732 4685
14732 4686
14732 4687
14732 4688
14732 4689
14732 4690
14732 4691
14732 4692
14732 4693
14732 4694
14732 4695
14732 4696
14732 4697
14732 4698
14732 4699
14733 4675
14733 4676
14733 4677
14733 4678
14733 4679
14733 4680
14733 4681
14733 4682
14733 4683
14733 4684
14733 4685
14733 4686
14733 4687
14733 4688
14733 4689
14733 4690
14733 4691
14733 4692
14733 4693
14733 4694
14733 4695
14733 4696
14733 4697
14733 4698
14733 4699
14734 4673
14734 4674
14734 4675
14734 4676
14734 4677
14734 4678
14734 4679
14734 4680
14734 4681
14734 4682
14734 4683
14734 4684
14734 4685
14734 4686
14734 4687
14734 4688
14734 4689
14734 4690
14734 4691
14734 4692
14734 4693
14734 4694
14734 4695
14734 4696
14734 4697
14734 4698
14734 4699
14735 4671
14735 4672
14735 4673
14735 4674
14735 4675
14735 4676
14735 4677
14735 4678
14735 4679
14735 4680
14735 4681
14735 4682
14735 4683
14735 4684
14735 4685
14735 4686
14735 4687
14735 4688
14735 4689
14735 4690
14735 4691
14735 4692
14735 4693
14735 4694
14735 4695
14735 4696
14735 4697
14735 4698
14735 4699
14736 4669
14736 4670
14736 4671
14736 4672
14736 4673
14736 4674
14736 4675
14736 4676
14736 4677
14736 4678
14736 4679
14736 4680
14736 4681
14736 4682
14736 4683
14736 4684
14736 4685
14736 4686
14736 4687
14736 4688
14736 4689
14736 4690
14736 4691
14736 4692
14736 4693
14736 4694
14736 4695
14736 4696
14736 4697
14736 4698
14736 4699
14737 4667
14737 4668
14737 4669
14737 4670
14737 4671
14737 4672
14737 4673
14737 4674
14737 4675
14737 4676
14737 4677
14737 4678
14737 4679
14737 4680
14737 4681
14737 4682
14737 4683
14737 4684
14737 4685
14737 4686
14737 4687
14737 4688
14737 4689
14737 4690
14737 4691
14737 4692
14737 4693
14737 4694
14737 4695
14737 4696
14737 4697
14737 4698
14737 4699
14738 4665
14738 4666
14738 4667
14738 4668
14738 4669
14738 4670
14738 4671
14738 4672
14738 4673
14738 4674
14738 4675
14738 4676
14738 4677
14738 4678
14738 4679
14738 4680
14738 4681
14738 4682
14738 4683
14738 4684
14738 4685
14738 4686
14738 4687
14738 4688
14738 4689
14738 4690
14738 4691
14738 4692
14738 4693
14738 4694
14738 4695
14738 4696
14738 4697
14738 4698
14738 4699
14739 4663
14739 4664
14739 4665
14739 4666
14739 4667
14739 4668
14739 4669
14739 4670
14739 4671
14739 4672
14739 4673
14739 4674
14739 4675
14739 4676
14739 4677
14739 4678
14739 4679
14739 4680
14739 4681
14739 4682
14739 4683
14739 4684
14739 4685
14739 4686
14739 4687
14739 4688
14739 4689
14739 4690
14739 4691
14739 4692
14739 4693
14739 4694
14739 4695
14739 4696
14739 4697
14739 4698
14739 4699
14740 4661
14740 4662
14740 4663
14740 4664
14740 4665
14740 4666
14740 4667
14740 4668
14740 4669
14740 4670
14740 4671
14740 4672
14740 4673
14740 4674
14740 4675
14740 4676
14740 4677
14740 4678
14740 4679
14740 4680
14740 4681
14740 4682
14740 4683
14740 4684
14740 4685
14740 4686
14740 4687
14740 4688
14740 4689
14740 4690
14740 4691
14740 4692
14740 4693
14740 4694
14740 4695
14740 4696
14740 4697
14740 4698
14740 4699
14741 4659
14741 4660
14741 4661
14741 4662
14741 4663
14741 4664
14741 4665
14741 4666
14741 4667
14741 4668
14741 4669
14741 4670
14741 4671
14741 4672
14741 4673
14741 4674
14741 4675
14741 4676
14741 4677
14741 4678
14741 4679
14741 4680
14741 4681
14741 4682
14741 4683
14741 4684
14741 4685
14741 4686
14741 4687
14741 4688
14741 4689
14741 4690
14741 4691
14741 4692
14741 4693
14741 4694
14741 4695
14741 4696
14741 4697
14741 4698
14741 4699
14742 4657
14742 4658
14742 4659
14742 4660
14742 4661
14742 4662
14742 4663
14742 4664
14742 4665
14742 4666
14742 4667
14742 4668
14742 4669
14742 4670
14742 4671
14742 4672
14742 4673
14742 4674
14742 4675
14742 4676
14742 4677
14742 4678
14742 4679
14742 4680
14742 4681
14742 4682
14742 4683
14742 4684
14742 4685
14742 4686
14742 4687
14742 4688
14742 4689
14742 4690
14742 4691
14742 4692
14742 4693
14742 4694
14742 4695
14742 4696
14742 4697
14742 4698
14742 4699
14743 4655
14743 4656
14743 4657
14743 4658
14743 4659
14743 4660
14743 4661
14743 4662
14743 4663
14743 4664
14743 4665
14743 4666
14743 4667
14743 4668
14743 4669
14743 4670
14743 4671
14743 4672
14743 4673
14743 4674
14743 4675
14743 4676
14743 4677
14743 4678
14743 4679
14743 4680
14743 4681
14743 4682
14743 4683
14743 4684
14743 4685
14743 4686
14743 4687
14743 4688
14743 4689
14743 4690
14743 4691
14743 4692
14743 4693
14743 4694
14743 4695
14743 4696
14743 4697
14743 4698
14743 4699
14744 4655
14744 4656
14744 4657
14744 4658
14744 4659
14744 4660
14744 4661
14744 4662
14744 4663
14744 4664
14744 4665
14744 4666
14744 4667
14744 4668
14744 4669
14744 4670
14744 4671
14744 4672
14744 4673
14744 4674
14744 4675
14744 4676
14744 4677
14744 4678
14744 4679
14744 4680
14744 4681
14744 4682
14744 4683
14744 4684
14744 4685
14744 4686
14744 4687
14744 4688
14744 4689
14744 4690
14744 4691
14744 4692
14744 4693
14744 4694
14744 4695
14744 4696
14744 4697
14745 4655
14745 4656
14745 4657
14745 4658
14745 4659
14745 4660
14745 4661
14745 4662
14745 4663
14745 4664
14745 4665
14745 4666
14745 4667
14745 4668
14745 4669
14745 4670
14745 4671
14745 4672
14745 4673
14745 4674
14745 4675
14745 4676
14745 4677
14745 4678
14745 4679
14745 4680
14745 4681
14745 4682
14745 4683
14745 4684
14745 4685
14745 4686
14745 4687
14745 4688
14745 4689
14745 4690
14745 4691
14745 4692
14745 4693
14745 4694
14745 4695
14746 4655
14746 4656
14746 4657
14746 4658
14746 4659
14746 4660
14746 4661
14746 4662
14746 4663
14746 4664
14746 4665
14746 4666
14746 4667
14746 4668
14746 4669
14746 4670
14746 4671
14746 4672
14746 4673
14746 4674
14746 4675
14746 4676
14746 4677
14746 4678
14746 4679
14746 4680
14746 4681
14746 4682
14746 4683
14746 4684
14746 4685
14746 4686
14746 4687
14746 4688
14746 4689
14746 4690
14746 4691
14746 4692
14746 4693
14747 4655
14747 4656
14747 4657
14747 4658
14747 4659
14747 4660
14747 4661
14747 4662
14747 4663
14747 4664
14747 4665
14747 4666
14747 4667
14747 4668
14747 4669
14747 4670
14747 4671
14747 4672
14747 4673
14747 4674
14747 4675
14747 4676
14747 4677
14747 4678
14747 4679
14747 4680
14747 4681
14747 4682
14747 4683
14747 4684
14747 4685
14747 4686
14747 4687
14747 4688
14747 4689
14747 4690
14747 4691
14748 4655
14748 4656
14748 4657
14748 4658
14748 4659
14748 4660
14748 4661
14748 4662
14748 4663
14748 4664
14748 4665
14748 4666
14748 4667
14748 4668
14748 4669
14748 4670
14748 4671
14748 4672
14748 4673
14748 4674
14748 4675
14748 4676
14748 4677
14748 4678
14748 4679
14748 4680
14748 4681
14748 4682
14748 4683
14748 4684
14748 4685
14748 4686
14748 4687
14748 4688
14748 4689
14749 4655
14749 4656
14749 4657
14749 4658
14749 4659
14749 4660
14749 4661
14749 4662
14749 4663
14749 4664
14749 4665
14749 4666
14749 4667
14749 4668
14749 4669
14749 4670
14749 4671
14749 4672
14749 4673
14749 4674
14749 4675
14749 4676
14749 4677
14749 4678
14749 4679
14749 4680
14749 4681
14749 4682
14749 4683
14749 4684
14749 4685
14749 4686
14749 4687
14750 4655
14750 4656
14750 4657
14750 4658
14750 4659
14750 4660
14750 4661
14750 4662
14750 4663
14750 4664
14750 4665
14750 4666
14750 4667
14750 4668
14750 4669
14750 4670
14750 4671
14750 4672
14750 4673
14750 4674
14750 4675
14750 4676
14750 4677
14750 4678
14750 4679
14750 4680
14750 4681
14750 4682
14750 4683
14750 4684
14750 4685
14751 4655
14751 4656
14751 4657
14751 4658
14751 4659
14751 4660
14751 4661
14751 4662
14751 4663
14751 4664
14751 4665
14751 4666
14751 4667
14751 4668
14751 4669
14751 4670
14751 4671
14751 4672
14751 4673
14751 4674
14751 4675
14751 4676
14751 4677
14751 4678
14751 4679
14751 4680
14751 4681
14751 4682
14751 4683
14752 4655
14752 4656
14752 4657
14752 4658
14752 4659
14752 4660
14752 4661
14752 4662
14752 4663
14752 4664
14752 4665
14752 4666
14752 4667
14752 4668
14752 4669
14752 4670
14752 4671
14752 4672
14752 4673
14752 4674
14752 4675
14752 4676
14752 4677
14752 4678
14752 4679
14752 4680
14752 4681
14753 4655
14753 4656
14753 4657
14753 4658
14753 4659
14753 4660
14753 4661
14753 4662
14753 4663
14753 4664
14753 4665
14753 4666
14753 4667
14753 4668
14753 4669
14753 4670
14753 4671
14753 4672
14753 4673
14753 4674
14753 4675
14753 4676
14753 4677
14753 4678
14753 4679
14754 4655
14754 4656
14754 4657
14754 4658
14754 4659
14754 4660
14754 4661
14754 4662
14754 4663
14754 4664
14754 4665
14754 4666
14754 4667
14754 4668
14754 4669
14754 4670
14754 4671
14754 4672
14754 4673
14754 4674
14754 4675
14754 4676
14754 4677
14755 4655
14755 4656
14755 4657
14755 4658
14755 4659
14755 4660
14755 4661
14755 4662
14755 4663
14755 4664
14755 4665
14755 4666
14755 4667
14755 4668
14755 4669
14755 4670
14755 4671
14755 4672
14755 4673
14755 4674
14755 4675
14756 4655
14756 4656
14756 4657
14756 4658
14756 4659
14756 4660
14756 4661
14756 4662
14756 4663
14756 4664
14756 4665
14756 4666
14756 4667
14756 4668
14756 4669
14756 4670
14756 4671
14756 4672
14756 4673
14757 4655
14757 4656
14757 4657
14757 4658
14757 4659
14757 4660
14757 4661
14757 4662
14757 4663
14757 4664
14757 4665
14757 4666
14757 4667
14757 4668
14757 4669
14757 4670
14757 4671
14758 4655
14758 4656
14758 4657
14758 4658
14758 4659
14758 4660
14758 4661
14758 4662
14758 4663
14758 4664
14758 4665
14758 4666
14758 4667
14758 4668
14758 4669
14759 4655
14759 4656
14759 4657
14759 4658
14759 4659
14759 4660
14759 4661
14759 4662
14759 4663
14759 4664
14759 4665
14759 4666
14759 4667
14760 4655
14760 4656
14760 4657
14760 4658
14760 4659
14760 4660
14760 4661
14760 4662
14760 4663
14760 4664
14760 4665
14761 4655
14761 4656
14761 4657
14761 4658
14761 4659
14761 4660
14761 4661
14761 4662
14761 4663
14762 4655
14762 4656
14762 4657
14762 4658
14762 4659
14762 4660
14762 4661
14763 4655
14763 4656
14763 4657
14763 4658
14763 4659
14764 4655
14764 4656
14764 4657
14765 4655
30598 4706
30599 4704
30599 4705
30599 4706
30600 4702
30600 4703
30600 4704
30600 4705
30600 4706
30601 4700
30601 4701
30601 4702
30601 4703
30601 4704
30601 4705
30601 4706
30602 4698
30602 4699
30602 4700
30602 4701
30602 4702
30602 4703
30602 4704
30602 4705
30602 4706
30603 4696
30603 4697
30603 4698
30603 4699
30603 4700
30603 4701
30603 4702
30603 4703
30603 4704
30603 4705
30603 4706
30604 4694
30604 4695
30604 4696
30604 4697
30604 4698
30604 4699
30604 4700
30604 4701
30604 4702
30604 4703
30604 4704
30604 4705
30604 4706
30605 4692
30605 4693
30605 4694
30605 4695
30605 4696
30605 4697
30605 4698
30605 4699
30605 4700
30605 4701
30605 4702
30605 4703
30605 4704
30605 4705
30605 4706
30606 4690
30606 4691
30606 4692
30606 4693
30606 4694
30606 4695
30606 4696
30606 4697
30606 4698
30606 4699
30606 4700
30606 4701
30606 4702
30606 4703
30606 4704
30606 4705
30606 4706
30607 4688
30607 4689
30607 4690
30607 4691
30607 4692
30607 4693
30607 4694
30607 4695
30607 4696
30607 4697
30607 4698
30607 4699
30607 4700
30607 4701
30607 4702
30607 4703
30607 4704
30607 4705
30607 4706
30608 4686
30608 4687
30608 4688
30608 4689
30608 4690
30608 4691
30608 4692
30608 4693
30608 4694
30608 4695
30608 4696
30608 4697
30608 4698
30608 4699
30608 4700
30608 4701
30608 4702
30608 4703
30608 4704
30608 4705
30608 4706
30609 4684
30609 4685
30609 4686
30609 4687
30609 4688
30609 4689
30609 4690
30609 4691
30609 4692
30609 4693
30609 4694
30609 4695
30609 4696
30609 4697
30609 4698
30609 4699
30609 4700
30609 4701
30609 4702
30609 4703
30609 4704
30609 4705
30609 4706
30610 4682
30610 4683
30610 4684
30610 4685
30610 4686
30610 4687
30610 4688
30610 4689
30610 4690
30610 4691
30610 4692
30610 4693
30610 4694
30610 4695
30610 4696
30610 4697
30610 4698
30610 4699
30610 4700
30610 4701
30610 4702
30610 4703
30610 4704
30610 4705
30610 4706
30611 4680
30611 4681
30611 4682
30611 4683
30611 4684
30611 4685
30611 4686
30611 4687
30611 4688
30611 4689
30611 4690
30611 4691
30611 4692
30611 4693
30611 4694
30611 4695
30611 4696
30611 4697
30611 4698
30611 4699
30611 4700
30611 4701
30611 4702
30611 4703
30611 4704
30611 4705
30611 4706
30612 4678
30612 4679
30612 4680
30612 4681
30612 4682
30612 4683
30612 4684
30612 4685
30612 4686
30612 4687
30612 4688
30612 4689
30612 4690
30612 4691
30612 4692
30612 4693
30612 4694
30612 4695
30612 4696
30612 4697
30612 4698
30612 4699
30612 4700
30612 4701
30612 4702
30612 4703
30612 4704
30612 4705
30612 4706
30613 4676
30613 4677
30613 4678
30613 4679
30613 4680
30613 4681
30613 4682
30613 4683
30613 4684
30613 4685
30613 4686
30613 4687
30613 4688
30613 4689
30613 4690
30613 4691
30613 4692
30613 4693
30613 4694
30613 4695
30613 4696
30613 4697
30613 4698
30613 4699
30613 4700
30613 4701
30613 4702
30613 4703
30613 4704
30613 4705
30613 4706
30614 4674
30614 4675
30614 4676
30614 4677
30614 4678
30614 4679
30614 4680
30614 4681
30614 4682
30614 4683
30614 4684
30614 4685
30614 4686
30614 4687
30614 4688
30614 4689
30614 4690
30614 4691
30614 4692
30614 4693
30614 4694
30614 4695
30614 4696
30614 4697
30614 4698
30614 4699
30614 4700
30614 4701
30614 4702
30614 4703
30614 4704
30614 4705
30614 4706
30615 4672
30615 4673
30615 4674
30615 4675
30615 4676
30615 4677
30615 4678
30615 4679
30615 4680
30615 4681
30615 4682
30615 4683
30615 4684
30615 4685
30615 4686
30615 4687
30615 4688
30615 4689
30615 4690
30615 4691
30615 4692
30615 4693
30615 4694
30615 4695
30615 4696
30615 4697
30615 4698
30615 4699
30615 4700
30615 4701
30615 4702
30615 4703
30615 4704
30615 4705
30615 4706
30616 4670
30616 4671
30616 4672
30616 4673
30616 4674
30616 4675
30616 4676
30616 4677
30616 4678
30616 4679
30616 4680
30616 4681
30616 4682
30616 4683
30616 4684
30616 4685
30616 4686
30616 4687
30616 4688
30616 4689
30616 4690
30616 4691
30616 4692
30616 4693
30616 4694
30616 4695
30616 4696
30616 4697
30616 4698
30616 4699
30616 4700
30616 4701
30616 4702
30616 4703
30616 4704
30616 4705
30616 4706
30617 4668
30617 4669
30617 4670
30617 4671
30617 4672
30617 4673
30617 4674
30617 4675
30617 4676
30617 4677
30617 4678
30617 4679
30617 4680
30617 4681
30617 4682
30617 4683
30617 4684
30617 4685
30617 4686
30617 4687
30617 4688
30617 4689
30617 4690
30617 4691
30617 4692
30617 4693
30617 4694
30617 4695
30617 4696
30617 4697
30617 4698
30617 4699
30617 4700
30617 4701
30617 4702
30617 4703
30617 4704
30617 4705
30617 4706
30618 4666
30618 4667
30618 4668
30618 4669
30618 4670
30618 4671
30618 4672
30618 4673
30618 4674
30618 4675
30618 4676
30618 4677
30618 4678
30618 4679
30618 4680
30618 4681
30618 4682
30618 4683
30618 4684
30618 4685
30618 4686
30618 4687
30618 4688
30618 4689
30618 4690
30618 4691
30618 4692
30618 4693
30618 4694
30618 4695
30618 4696
30618 4697
30618 4698
30618 4699
30618 4700
30618 4701
30618 4702
30618 4703
30618 4704
30618 4705
30618 4706
30619 4664
30619 4665
30619 4666
30619 4667
30619 4668
30619 4669
30619 4670
30619 4671
30619 4672
30619 4673
30619 4674
30619 4675
30619 4676
30619 4677
30619 4678
30619 4679
30619 4680
30619 4681
30619 4682
30619 4683
30619 4684
30619 4685
30619 4686
30619 4687
30619 4688
30619 4689
30619 4690
30619 4691
30619 4692
30619 4693
30619 4694
30619 4695
30619 4696
30619 4697
30619 4698
30619 4699
30619 4700
30619 4701
30619 4702
30619 4703
30619 4704
30619 4705
30619 4706
30620 4662
30620 4663
30620 4664
30620 4665
30620 4666
30620 4667
30620 4668
30620 4669
30620 4670
30620 4671
30620 4672
30620 4673
30620 4674
30620 4675
30620 4676
30620 4677
30620 4678
30620 4679
30620 4680
30620 4681
30620 4682
30620 4683
30620 4684
30620 4685
30620 4686
30620 4687
30620 4688
30620 4689
30620 4690
30620 4691
30620 4692
30620 4693
30620 4694
30620 4695
30620 4696
30620 4697
30620 4698
30620 4699
30620 4700
30620 4701
30620 4702
30620 4703
30620 4704
30620 4705
30620 4706
30621 4660
30621 4661
30621 4662
30621 4663
30621 4664
30621 4665
30621 4666
30621 4667
30621 4668
30621 4669
30621 4670
30621 4671
30621 4672
30621 4673
30621 4674
30621 4675
30621 4676
30621 4677
30621 4678
30621 4679
30621 4680
30621 4681
30621 4682
30621 4683
30621 4684
30621 4685
30621 4686
30621 4687
30621 4688
30621 4689
30621 4690
30621 4691
30621 4692
30621 4693
30621 4694
30621 4695
30621 4696
30621 4697
30621 4698
30621 4699
30621 4700
30621 4701
30621 4702
30621 4703
30621 4704
30621 4705
30621 4706
30622 4658
30622 4659
30622 4660
30622 4661
30622 4662
30622 4663
30622 4664
30622 4665
30622 4666
30622 4667
30622 4668
30622 4669
30622 4670
30622 4671
30622 4672
30622 4673
30622 4674
30622 4675
30622 4676
30622 4677
30622 4678
30622 4679
30622 4680
30622 4681
30622 4682
30622 4683
30622 4684
30622 4685
30622 4686
30622 4687
30622 4688
30622 4689
30622 4690
30622 4691
30622 4692
30622 4693
30622 4694
30622 4695
30622 4696
30622 4697
30622 4698
30622 4699
30622 4700
30622 4701
30622 4702
30622 4703
30622 4704
30622 4705
30622 4706
30623 4656
30623 4657
30623 4658
30623 4659
30623 4660
30623 4661
30623 4662
30623 4663
30623 4664
30623 4665
30623 4666
30623 4667
30623 4668
30623 4669
30623 4670
30623 4671
30623 4672
30623 4673
30623 4674
30623 4675
30623 4676
30623 4677
30623 4678
30623 4679
30623 4680
30623 4681
30623 4682
30623 4683
30623 4684
30623 4685
30623 4686
30623 4687
30623 4688
30623 4689
30623 4690
30623 4691
30623 4692
30623 4693
30623 4694
30623 4695
30623 4696
30623 4697
30623 4698
30623 4699
30623 4700
30623 4701
30623 4702
30623 4703
30623 4704
30623 4705
30623 4706
30624 4654
30624 4655
30624 4656
30624 4657
30624 4658
30624 4659
30624 4660
30624 4661
30624 4662
30624 4663
30624 4664
30624 4665
30624 4666
30624 4667
30624 4668
30624 4669
30624 4670
30624 4671
30624 4672
30624 4673
30624 4674
30624 4675
30624 4676
30624 4677
30624 4678
30624 4679
30624 4680
30624 4681
30624 4682
30624 4683
30624 4684
30624 4685
30624 4686
30624 4687
30624 4688
30624 4689
30624 4690
30624 4691
30624 4692
30624 4693
30624 4694
30624 4695
30624 4696
30624 4697
30624 4698
30624 4699
30624 4700
30624 4701
30624 4702
30624 4703
30624 4704
30624 4705
30624 4706
30625 4652
30625 4653
30625 4654
30625 4655
30625 4656
30625 4657
30625 4658
30625 4659
30625 4660
30625 4661
30625 4662
30625 4663
30625 4664
30625 4665
30625 4666
30625 4667
30625 4668
30625 4669
30625 4670
30625 4671
30625 4672
30625 4673
30625 4674
30625 4675
30625 4676
30625 4677
30625 4678
30625 4679
30625 4680
30625 4681
30625 4682
30625 4683
30625 4684
30625 4685
30625 4686
30625 4687
30625 4688
30625 4689
30625 4690
30625 4691
30625 4692
30625 4693
30625 4694
30625 4695
30625 4696
30625 4697
30625 4698
30625 4699
30625 4700
30625 4701
30625 4702
30625 4703
30625 4704
30625 4705
30625 4706
30626 4652
30626 4653
30626 4654
30626 4655
30626 4656
30626 4657
30626 4658
30626 4659
30626 4660
30626 4661
30626 4662
30626 4663
30626 4664
30626 4665
30626 4666
30626 4667
30626 4668
30626 4669
30626 4670
30626 4671
30626 4672
30626 4673
30626 4674
30626 4675
30626 4676
30626 4677
30626 4678
30626 4679
30626 4680
30626 4681
30626 4682
30626 4683
30626 4684
30626 4685
30626 4686
30626 4687
30626 4688
30626 4689
30626 4690
30626 4691
30626 4692
30626 4693
30626 4694
30626 4695
30626 4696
30626 4697
30626 4698
30626 4699
30626 4700
30626 4701
30626 4702
30626 4703
30626 4704
30627 4652
30627 4653
30627 4654
30627 4655
30627 4656
30627 4657
30627 4658
30627 4659
30627 4660
30627 4661
30627 4662
30627 4663
30627 4664
30627 4665
30627 4666
30627 4667
30627 4668
30627 4669
30627 4670
30627 4671
30627 4672
30627 4673
30627 4674
30627 4675
30627 4676
30627 4677
30627 4678
30627 4679
30627 4680
30627 4681
30627 4682
30627 4683
30627 4684
30627 4685
30627 4686
30627 4687
30627 4688
30627 4689
30627 4690
30627 4691
30627 4692
30627 4693
30627 4694
30627 4695
30627 4696
30627 4697
30627 4698
30627 4699
30627 4700
30627 4701
30627 4702
30628 4652
30628 4653
30628 4654
30628 4655
30628 4656
30628 4657
30628 4658
30628 4659
30628 4660
30628 4661
30628 4662
30628 4663
30628 4664
30628 4665
30628 4666
30628 4667
30628 4668
30628 4669
30628 4670
30628 4671
30628 4672
30628 4673
30628 4674
30628 4675
30628 4676
30628 4677
30628 4678
30628 4679
30628 4680
30628 4681
30628 4682
30628 4683
30628 4684
30628 4685
30628 4686
30628 4687
30628 4688
30628 4689
30628 4690
30628 4691
30628 4692
30628 4693
30628 4694
30628 4695
30628 4696
30628 4697
30628 4698
30628 4699
30628 4700
30629 4652
30629 4653
30629 4654
30629 4655
30629 4656
30629 4657
30629 4658
30629 4659
30629 4660
30629 4661
30629 4662
30629 4663
30629 4664
30629 4665
30629 4666
30629 4667
30629 4668
30629 4669
30629 4670
30629 4671
30629 4672
30629 4673
30629 4674
30629 4675
30629 4676
30629 4677
30629 4678
30629 4679
30629 4680
30629 4681
30629 4682
30629 4683
30629 4684
30629 4685
30629 4686
30629 4687
30629 4688
30629 4689
30629 4690
30629 4691
30629 4692
30629 4693
30629 4694
30629 4695
30629 4696
30629 4697
30629 4698
30630 4652
30630 4653
30630 4654
30630 4655
30630 4656
30630 4657
30630 4658
30630 4659
30630 4660
30630 4661
30630 4662
30630 4663
30630 4664
30630 4665
30630 4666
30630 4667
30630 4668
30630 4669
30630 4670
30630 4671
30630 4672
30630 4673
30630 4674
30630 4675
30630 4676
30630 4677
30630 4678
30630 4679
30630 4680
30630 4681
30630 4682
30630 4683
30630 4684
30630 4685
30630 4686
30630 4687
30630 4688
30630 4689
30630 4690
30630 4691
30630 4692
30630 4693
30630 4694
30630 4695
30630 4696
30631 4652
30631 4653
30631 4654
30631 4655
30631 4656
30631 4657
30631 4658
30631 4659
30631 4660
30631 4661
30631 4662
30631 4663
30631 4664
30631 4665
30631 4666
30631 4667
30631 4668
30631 4669
30631 4670
30631 4671
30631 4672
30631 4673
30631 4674
30631 4675
30631 4676
30631 4677
30631 4678
30631 4679
30631 4680
30631 4681
30631 4682
30631 4683
30631 4684
30631 4685
30631 4686
30631 4687
30631 4688
30631 4689
30631 4690
30631 4691
30631 4692
30631 4693
30631 4694
30632 4652
30632 4653
30632 4654
30632 4655
30632 4656
30632 4657
30632 4658
30632 4659
30632 4660
30632 4661
30632 4662
30632 4663
30632 4664
30632 4665
30632 4666
30632 4667
30632 4668
30632 4669
30632 4670
30632 4671
30632 4672
30632 4673
30632 4674
30632 4675
30632 4676
30632 4677
30632 4678
30632 4679
30632 4680
30632 4681
30632 4682
30632 4683
30632 4684
30632 4685
30632 4686
30632 4687
30632 4688
30632 4689
30632 4690
30632 4691
30632 4692
30633 4652
30633 4653
30633 4654
30633 4655
30633 4656
30633 4657
30633 4658
30633 4659
30633 4660
30633 4661
30633 4662
30633 4663
30633 4664
30633 4665
30633 4666
30633 4667
30633 4668
30633 4669
30633 4670
30633 4671
30633 4672
30633 4673
30633 4674
30633 4675
30633 4676
30633 4677
30633 4678
30633 4679
30633 4680
30633 4681
30633 4682
30633 4683
30633 4684
30633 4685
30633 4686
30633 4687
30633 4688
30633 4689
30633 4690
30634 4652
30634 4653
30634 4654
30634 4655
30634 4656
30634 4657
30634 4658
30634 4659
30634 4660
30634 4661
30634 4662
30634 4663
30634 4664
30634 4665
30634 4666
30634 4667
30634 4668
30634 4669
30634 4670
30634 4671
30634 4672
30634 4673
30634 4674
30634 4675
30634 4676
30634 4677
30634 4678
30634 4679
30634 4680
30634 4681
30634 4682
30634 4683
30634 4684
30634 4685
30634 4686
30634 4687
30634 4688
30635 4652
30635 4653
30635 4654
30635 4655
30635 4656
30635 4657
30635 4658
30635 4659
30635 4660
30635 4661
30635 4662
30635 4663
30635 4664
30635 4665
30635 4666
30635 4667
30635 4668
30635 4669
30635 4670
30635 4671
30635 4672
30635 4673
30635 4674
30635 4675
30635 4676
30635 4677
30635 4678
30635 4679
30635 4680
30635 4681
30635 4682
30635 4683
30635 4684
30635 4685
30635 4686
30636 4652
30636 4653
30636 4654
30636 4655
30636 4656
30636 4657
30636 4658
30636 4659
30636 4660
30636 4661
30636 4662
30636 4663
30636 4664
30636 4665
30636 4666
30636 4667
30636 4668
30636 4669
30636 4670
30636 4671
30636 4672
30636 4673
30636 4674
30636 4675
30636 4676
30636 4677
30636 4678
30636 4679
30636 4680
30636 4681
30636 4682
30636 4683
30636 4684
30637 4652
30637 4653
30637 4654
30637 4655
30637 4656
30637 4657
30637 4658
30637 4659
30637 4660
30637 4661
30637 4662
30637 4663
30637 4664
30637 4665
30637 4666
30637 4667
30637 4668
30637 4669
30637 4670
30637 4671
30637 4672
30637 4673
30637 4674
30637 4675
30637 4676
30637 4677
30637 4678
30637 4679
30637 4680
30637 4681
30637 4682
30638 4652
30638 4653
30638 4654
30638 4655
30638 4656
30638 4657
30638 4658
30638 4659
30638 4660
30638 4661
30638 4662
30638 4663
30638 4664
30638 4665
30638 4666
30638 4667
30638 4668
30638 4669
30638 4670
30638 4671
30638 4672
30638 4673
30638 4674
30638 4675
30638 4676
30638 4677
30638 4678
30638 4679
30638 4680
30639 4652
30639 4653
30639 4654
30639 4655
30639 4656
30639 4657
30639 4658
30639 4659
30639 4660
30639 4661
30639 4662
30639 4663
30639 4664
30639 4665
30639 4666
30639 4667
30639 4668
30639 4669
30639 4670
30639 4671
30639 4672
30639 4673
30639 4674
30639 4675
30639 4676
30639 4677
30639 4678
30640 4652
30640 4653
30640 4654
30640 4655
30640 4656
30640 4657
30640 4658
30640 4659
30640 4660
30640 4661
30640 4662
30640 4663
30640 4664
30640 4665
30640 4666
30640 4667
30640 4668
30640 4669
30640 4670
30640 4671
30640 4672
30640 4673
30640 4674
30640 4675
30640 4676
30641 4652
30641 4653
30641 4654
30641 4655
30641 4656
30641 4657
30641 4658
30641 4659
30641 4660
30641 4661
30641 4662
30641 4663
30641 4664
30641 4665
30641 4666
30641 4667
30641 4668
30641 4669
30641 4670
30641 4671
30641 4672
30641 4673
30641 4674
30642 4652
30642 4653
30642 4654
30642 4655
30642 4656
30642 4657
30642 4658
30642 4659
30642 4660
30642 4661
30642 4662
30642 4663
30642 4664
30642 4665
30642 4666
30642 4667
30642 4668
30642 4669
30642 4670
30642 4671
30642 4672
30643 4652
30643 4653
30643 4654
30643 4655
30643 4656
30643 4657
30643 4658
30643 4659
30643 4660
30643 4661
30643 4662
30643 4663
30643 4664
30643 4665
30643 4666
30643 4667
30643 4668
30643 4669
30643 4670
30644 4652
30644 4653
30644 4654
30644 4655
30644 4656
30644 4657
30644 4658
30644 4659
30644 4660
30644 4661
30644 4662
30644 4663
30644 4664
30644 4665
30644 4666
30644 4667
30644 4668
30645 4652
30645 4653
30645 4654
30645 4655
30645 4656
30645 4657
30645 4658
30645 4659
30645 4660
30645 4661
30645 4662
30645 4663
30645 4664
30645 4665
30645 4666
30646 4652
30646 4653
30646 4654
30646 4655
30646 4656
30646 4657
30646 4658
30646 4659
30646 4660
30646 4661
30646 4662
30646 4663
30646 4664
30647 4652
30647 4653
30647 4654
30647 4655
30647 4656
30647 4657
30647 4658
30647 4659
30647 4660
30647 4661
30647 4662
30648 4652
30648 4653
30648 4654
30648 4655
30648 4656
30648 4657
30648 4658
30648 4659
30648 4660
30649 4652
30649 4653
30649 4654
30649 4655
30649 4656
30649 4657
30649 4658
30650 4652
30650 4653
30650 4654
30650 4655
30650 4656
30651 4652
30651 4653
30651 4654
30652 4652
39699 4702
39700 4700
39700 4701
39700 4702
39701 4698
39701 4699
39701 4700
39701 4701
39701 4702
39702 4696
39702 4697
39702 4698
39702 4699
39702 4700
39702 4701
39702 4702
39703 4694
39703 4695
39703 4696
39703 4697
39703 4698
39703 4699
39703 4700
39703 4701
39703 4702
39704 4692
39704 4693
39704 4694
39704 4695
39704 4696
39704 4697
39704 4698
39704 4699
39704 4700
39704 4701
39704 4702
39705 4690
39705 4691
39705 4692
39705 4693
39705 4694
39705 4695
39705 4696
39705 4697
39705 4698
39705 4699
39705 4700
39705 4701
39705 4702
39706 4688
39706 4689
39706 4690
39706 4691
39706 4692
39706 4693
39706 4694
39706 4695
39706 4696
39706 4697
39706 4698
39706 4699
39706 4700
39706 4701
39706 4702
39707 4686
39707 4687
39707 4688
39707 4689
39707 4690
39707 4691
39707 4692
39707 4693
39707 4694
39707 4695
39707 4696
39707 4697
39707 4698
39707 4699
39707 4700
39707 4701
39707 4702
39708 4684
39708 4685
39708 4686
39708 4687
39708 4688
39708 4689
39708 4690
39708 4691
39708 4692
39708 4693
39708 4694
39708 4695
39708 4696
39708 4697
39708 4698
39708 4699
39708 4700
39708 4701
39708 4702
39709 4682
39709 4683
39709 4684
39709 4685
39709 4686
39709 4687
39709 4688
39709 4689
39709 4690
39709 4691
39709 4692
39709 4693
39709 4694
39709 4695
39709 4696
39709 4697
39709 4698
39709 4699
39709 4700
39709 4701
39709 4702
39710 4680
39710 4681
39710 4682
39710 4683
39710 4684
39710 4685
39710 4686
39710 4687
39710 4688
39710 4689
39710 4690
39710 4691
39710 4692
39710 4693
39710 4694
39710 4695
39710 4696
39710 4697
39710 4698
39710 4699
39710 4700
39710 4701
39710 4702
39711 4678
39711 4679
39711 4680
39711 4681
39711 4682
39711 4683
39711 4684
39711 4685
39711 4686
39711 4687
39711 4688
39711 4689
39711 4690
39711 4691
39711 4692
39711 4693
39711 4694
39711 4695
39711 4696
39711 4697
39711 4698
39711 4699
39711 4700
39711 4701
39711 4702
39712 4676
39712 4677
39712 4678
39712 4679
39712 4680
39712 4681
39712 4682
39712 4683
39712 4684
39712 4685
39712 4686
39712 4687
39712 4688
39712 4689
39712 4690
39712 4691
39712 4692
39712 4693
39712 4694
39712 4695
39712 4696
39712 4697
39712 4698
39712 4699
39712 4700
39712 4701
39712 4702
39713 4674
39713 4675
39713 4676
39713 4677
39713 4678
39713 4679
39713 4680
39713 4681
39713 4682
39713 4683
39713 4684
39713 4685
39713 4686
39713 4687
39713 4688
39713 4689
39713 4690
39713 4691
39713 4692
39713 4693
39713 4694
39713 4695
39713 4696
39713 4697
39713 4698
39713 4699
39713 4700
39713 4701
39713 4702
39714 4672
39714 4673
39714 4674
39714 4675
39714 4676
39714 4677
39714 4678
39714 4679
39714 4680
39714 4681
39714 4682
39714 4683
39714 4684
39714 4685
39714 4686
39714 4687
39714 4688
39714 4689
39714 4690
39714 4691
39714 4692
39714 4693
39714 4694
39714 4695
39714 4696
39714 4697
39714 4698
39714 4699
39714 4700
39714 4701
39714 4702
39715 4670
39715 4671
39715 4672
39715 4673
39715 4674
39715 4675
39715 4676
39715 4677
39715 4678
39715 4679
39715 4680
39715 4681
39715 4682
39715 4683
39715 4684
39715 4685
39715 4686
39715 4687
39715 4688
39715 4689
39715 4690
39715 4691
39715 4692
39715 4693
39715 4694
39715 4695
39715 4696
39715 4697
39715 4698
39715 4699
39715 4700
39715 4701
39715 4702
39716 4668
39716 4669
39716 4670
39716 4671
39716 4672
39716 4673
39716 4674
39716 4675
39716 4676
39716 4677
39716 4678
39716 4679
39716 4680
39716 4681
39716 4682
39716 4683
39716 4684
39716 4685
39716 4686
39716 4687
39716 4688
39716 4689
39716 4690
39716 4691
39716 4692
39716 4693
39716 4694
39716 4695
39716 4696
39716 4697
39716 4698
39716 4699
39716 4700
39716 4701
39716 4702
39717 4666
39717 4667
39717 4668
39717 4669
39717 4670
39717 4671
39717 4672
39717 4673
39717 4674
39717 4675
39717 4676
39717 4677
39717 4678
39717 4679
39717 4680
39717 4681
39717 4682
39717 4683
39717 4684
39717 4685
39717 4686
39717 4687
39717 4688
39717 4689
39717 4690
39717 4691
39717 4692
39717 4693
39717 4694
39717 4695
39717 4696
39717 4697
39717 4698
39717 4699
39717 4700
39717 4701
39717 4702
39718 4664
39718 4665
39718 4666
39718 4667
39718 4668
39718 4669
39718 4670
39718 4671
39718 4672
39718 4673
39718 4674
39718 4675
39718 4676
39718 4677
39718 4678
39718 4679
39718 4680
39718 4681
39718 4682
39718 4683
39718 4684
39718 4685
39718 4686
39718 4687
39718 4688
39718 4689
39718 4690
39718 4691
39718 4692
39718 4693
39718 4694
39718 4695
39718 4696
39718 4697
39718 4698
39718 4699
39718 4700
39718 4701
39718 4702
39719 4662
39719 4663
39719 4664
39719 4665
39719 4666
39719 4667
39719 4668
39719 4669
39719 4670
39719 4671
39719 4672
39719 4673
39719 4674
39719 4675
39719 4676
39719 4677
39719 4678
39719 4679
39719 4680
39719 4681
39719 4682
39719 4683
39719 4684
39719 4685
39719 4686
39719 4687
39719 4688
39719 4689
39719 4690
39719 4691
39719 4692
39719 4693
39719 4694
39719 4695
39719 4696
39719 4697
39719 4698
39719 4699
39719 4700
39719 4701
39719 4702
39720 4660
39720 4661
39720 4662
39720 4663
39720 4664
39720 4665
39720 4666
39720 4667
39720 4668
39720 4669
39720 4670
39720 4671
39720 4672
39720 4673
39720 4674
39720 4675
39720 4676
39720 4677
39720 4678
39720 4679
39720 4680
39720 4681
39720 4682
39720 4683
39720 4684
39720 4685
39720 4686
39720 4687
39720 4688
39720 4689
39720 4690
39720 4691
39720 4692
39720 4693
39720 4694
39720 4695
39720 4696
39720 4697
39720 4698
39720 4699
39720 4700
39720 4701
39720 4702
39721 4658
39721 4659
39721 4660
39721 4661
39721 4662
39721 4663
39721 4664
39721 4665
39721 4666
39721 4667
39721 4668
39721 4669
39721 4670
39721 4671
39721 4672
39721 4673
39721 4674
39721 4675
39721 4676
39721 4677
39721 4678
39721 4679
39721 4680
39721 4681
39721 4682
39721 4683
39721 4684
39721 4685
39721 4686
39721 4687
39721 4688
39721 4689
39721 4690
39721 4691
39721 4692
39721 4693
39721 4694
39721 4695
39721 4696
39721 4697
39721 4698
39721 4699
39721 4700
39721 4701
39721 4702
39722 4656
39722 4657
39722 4658
39722 4659
39722 4660
39722 4661
39722 4662
39722 4663
39722 4664
39722 4665
39722 4666
39722 4667
39722 4668
39722 4669
39722 4670
39722 4671
39722 4672
39722 4673
39722 4674
39722 4675
39722 4676
39722 4677
39722 4678
39722 4679
39722 4680
39722 4681
39722 4682
39722 4683
39722 4684
39722 4685
39722 4686
39722 4687
39722 4688
39722 4689
39722 4690
39722 4691
39722 4692
39722 4693
39722 4694
39722 4695
39722 4696
39722 4697
39722 4698
39722 4699
39722 4700
39722 4701
39722 4702
39723 4656
39723 4657
39723 4658
39723 4659
39723 4660
39723 4661
39723 4662
39723 4663
39723 4664
39723 4665
39723 4666
39723 4667
39723 4668
39723 4669
39723 4670
39723 4671
39723 4672
39723 4673
39723 4674
39723 4675
39723 4676
39723 4677
39723 4678
39723 4679
39723 4680
39723 4681
39723 4682
39723 4683
39723 4684
39723 4685
39723 4686
39723 4687
39723 4688
39723 4689
39723 4690
39723 4691
39723 4692
39723 4693
39723 4694
39723 4695
39723 4696
39723 4697
39723 4698
39723 4699
39723 4700
39724 4656
39724 4657
39724 4658
39724 4659
39724 4660
39724 4661
39724 4662
39724 4663
39724 4664
39724 4665
39724 4666
39724 4667
39724 4668
39724 4669
39724 4670
39724 4671
39724 4672
39724 4673
39724 4674
39724 4675
39724 4676
39724 4677
39724 4678
39724 4679
39724 4680
39724 4681
39724 4682
39724 4683
39724 4684
39724 4685
39724 4686
39724 4687
39724 4688
39724 4689
39724 4690
39724 4691
39724 4692
39724 4693
39724 4694
39724 4695
39724 4696
39724 4697
39724 4698
39725 4656
39725 4657
39725 4658
39725 4659
39725 4660
39725 4661
39725 4662
39725 4663
39725 4664
39725 4665
39725 4666
39725 4667
39725 4668
39725 4669
39725 4670
39725 4671
39725 4672
39725 4673
39725 4674
39725 4675
39725 4676
39725 4677
39725 4678
39725 4679
39725 4680
39725 4681
39725 4682
39725 4683
39725 4684
39725 4685
39725 4686
39725 4687
39725 4688
39725 4689
39725 4690
39725 4691
39725 4692
39725 4693
39725 4694
39725 4695
39725 4696
39726 4656
39726 4657
39726 4658
39726 4659
39726 4660
39726 4661
39726 4662
39726 4663
39726 4664
39726 4665
39726 4666
39726 4667
39726 4668
39726 4669
39726 4670
39726 4671
39726 4672
39726 4673
39726 4674
39726 4675
39726 4676
39726 4677
39726 4678
39726 4679
39726 4680
39726 4681
39726 4682
39726 4683
39726 4684
39726 4685
39726 4686
39726 4687
39726 4688
39726 4689
39726 4690
39726 4691
39726 4692
39726 4693
39726 4694
39727 4656
39727 4657
39727 4658
39727 4659
39727 4660
39727 4661
39727 4662
39727 4663
39727 4664
39727 4665
39727 4666
39727 4667
39727 4668
39727 4669
39727 4670
39727 4671
39727 4672
39727 4673
39727 4674
39727 4675
39727 4676
39727 4677
39727 4678
39727 4679
39727 4680
39727 4681
39727 4682
39727 4683
39727 4684
39727 4685
39727 4686
39727 4687
39727 4688
39727 4689
39727 4690
39727 4691
39727 4692
39728 4656
39728 4657
39728 4658
39728 4659
39728 4660
39728 4661
39728 4662
39728 4663
39728 4664
39728 4665
39728 4666
39728 4667
39728 4668
39728 4669
39728 4670
39728 4671
39728 4672
39728 4673
39728 4674
39728 4675
39728 4676
39728 4677
39728 4678
39728 4679
39728 4680
39728 4681
39728 4682
39728 4683
39728 4684
39728 4685
39728 4686
39728 4687
39728 4688
39728 4689
39728 4690
39729 4656
39729 4657
39729 4658
39729 4659
39729 4660
39729 4661
39729 4662
39729 4663
39729 4664
39729 4665
39729 4666
39729 4667
39729 4668
39729 4669
39729 4670
39729 4671
39729 4672
39729 4673
39729 4674
39729 4675
39729 4676
39729 4677
39729 4678
39729 4679
39729 4680
39729 4681
39729 4682
39729 4683
39729 4684
39729 4685
39729 4686
39729 4687
39729 4688
39730 4656
39730 4657
39730 4658
39730 4659
39730 4660
39730 4661
39730 4662
39730 4663
39730 4664
39730 4665
39730 4666
39730 4667
39730 4668
39730 4669
39730 4670
39730 4671
39730 4672
39730 4673
39730 4674
39730 4675
39730 4676
39730 4677
39730 4678
39730 4679
39730 4680
39730 4681
39730 4682
39730 4683
39730 4684
39730 4685
39730 4686
39731 4656
39731 4657
39731 4658
39731 4659
39731 4660
39731 4661
39731 4662
39731 4663
39731 4664
39731 4665
39731 4666
39731 4667
39731 4668
39731 4669
39731 4670
39731 4671
39731 4672
39731 4673
39731 4674
39731 4675
39731 4676
39731 4677
39731 4678
39731 4679
39731 4680
39731 4681
39731 4682
39731 4683
39731 4684
39732 4656
39732 4657
39732 4658
39732 4659
39732 4660
39732 4661
39732 4662
39732 4663
39732 4664
39732 4665
39732 4666
39732 4667
39732 4668
39732 4669
39732 4670
39732 4671
39732 4672
39732 4673
39732 4674
39732 4675
39732 4676
39732 4677
39732 4678
39732 4679
39732 4680
39732 4681
39732 4682
39733 4656
39733 4657
39733 4658
39733 4659
39733 4660
39733 4661
39733 4662
39733 4663
39733 4664
39733 4665
39733 4666
39733 4667
39733 4668
39733 4669
39733 4670
39733 4671
39733 4672
39733 4673
39733 4674
39733 4675
39733 4676
39733 4677
39733 4678
39733 4679
39733 4680
39734 4656
39734 4657
39734 4658
39734 4659
39734 4660
39734 4661
39734 4662
39734 4663
39734 4664
39734 4665
39734 4666
39734 4667
39734 4668
39734 4669
39734 4670
39734 4671
39734 4672
39734 4673
39734 4674
39734 4675
39734 4676
39734 4677
39734 4678
39735 4656
39735 4657
39735 4658
39735 4659
39735 4660
39735 4661
39735 4662
39735 4663
39735 4664
39735 4665
39735 4666
39735 4667
39735 4668
39735 4669
39735 4670
39735 4671
39735 4672
39735 4673
39735 4674
39735 4675
39735 4676
39736 4656
39736 4657
39736 4658
39736 4659
39736 4660
39736 4661
39736 4662
39736 4663
39736 4664
39736 4665
39736 4666
39736 4667
39736 4668
39736 4669
39736 4670
39736 4671
39736 4672
39736 4673
39736 4674
39737 4656
39737 4657
39737 4658
39737 4659
39737 4660
39737 4661
39737 4662
39737 4663
39737 4664
39737 4665
39737 4666
39737 4667
39737 4668
39737 4669
39737 4670
39737 4671
39737 4672
39738 4656
39738 4657
39738 4658
39738 4659
39738 4660
39738 4661
39738 4662
39738 4663
39738 4664
39738 4665
39738 4666
39738 4667
39738 4668
39738 4669
39738 4670
39739 4656
39739 4657
39739 4658
39739 4659
39739 4660
39739 4661
39739 4662
39739 4663
39739 4664
39739 4665
39739 4666
39739 4667
39739 4668
39740 4656
39740 4657
39740 4658
39740 4659
39740 4660
39740 4661
39740 4662
39740 4663
39740 4664
39740 4665
39740 4666
39741 4656
39741 4657
39741 4658
39741 4659
39741 4660
39741 4661
39741 4662
39741 4663
39741 4664
39742 4656
39742 4657
39742 4658
39742 4659
39742 4660
39742 4661
39742 4662
39743 4656
39743 4657
39743 4658
39743 4659
39743 4660
39744 4656
39744 4657
39744 4658
39745 4656
