892
26 282
28 79
5 2
165 697
3 6
422 470
400 265
228 192
34 6
13 120
606 83
295 594
387 76
67 147
186 37
285 44
519 618
419 127
95 131
133 187
818 365
432 357
289 619
61 82
836 700
126 160
538 834
5 207
613 271
289 308
744 733
444 11
283 115
26 155
683 478
43 24
169 310
122 27
213 408
7 6
40 91
395 60
246 237
447 177
491 34
210 501
12 6
725 724
338 223
79 389
412 286
38 46
815 29
38 25
89 703
19 435
361 380
354 280
724 698
21 200
15 11
569 115
382 871
348 468
649 681
83 214
340 88
139 244
532 151
511 18
257 275
116 698
234 40
3 2
279 522
99 242
219 128
622 403
202 281
53 146
80 21
410 472
360 345
446 203
293 424
9 103
30 365
686 119
576 816
585 87
209 117
204 130
421 101
463 255
722 688
718 375
154 163
224 891
417 883
253 69
190 572
83 250
42 524
414 116
10 4
151 777
783 144
75 105
605 240
15 53
31 73
475 240
773 46
563 463
175 53
108 298
24 1
30 445
34 57
438 215
640 427
397 142
106 449
83 174
3 61
48 51
399 677
342 607
838 206
45 42
49 15
2 4
628 224
127 92
497 405
480 468
747 711
882 429
212 174
121 73
200 256
98 66
363 241
169 65
5 309
880 67
230 38
264 378
39 29
739 4
631 279
720 605
717 590
81 286
746 317
567 135
384 92
144 94
113 541
126 166
43 258
339 56
29 56
533 104
857 833
208 200
18 42
463 885
708 88
29 2
398 232
317 256
229 172
778 233
300 830
688 576
887 283
109 471
330 304
293 629
493 429
443 835
505 670
294 195
241 46
312 120
648 346
678 84
98 227
23 31
168 218
752 154
348 265
372 147
641 474
660 486
364 439
335 329
164 261
811 248
148 600
234 523
876 175
490 329
710 398
664 719
869 204
884 629
889 194
124 263
153 313
545 539
326 546
41 119
520 40
266 782
315 11
78 21
537 12
163 396
9 366
178 141
598 156
597 277
148 417
452 112
803 264
40 11
267 860
222 358
813 712
255 61
802 699
293 436
324 476
521 78
230 584
542 243
18 101
22 726
109 61
368 559
11 844
170 139
579 445
152 272
61 95
78 455
706 253
769 637
704 511
757 361
1 9
137 35
192 322
730 733
864 290
225 451
233 620
377 163
180 247
31 68
625 155
328 31
61 352
808 639
588 479
809 589
24 188
598 780
142 161
189 732
701 693
192 314
667 98
22 180
99 30
271 465
321 423
394 299
546 562
684 433
112 393
13 205
650 332
154 52
429 185
842 374
362 64
157 364
340 694
839 541
674 715
369 363
482 867
464 279
7 538
151 266
223 186
3 18
487 750
326 342
255 355
402 229
116 211
856 498
416 252
249 212
749 540
440 352
25 462
281 669
124 68
58 190
738 39
115 68
63 185
138 42
325 820
291 331
536 226
608 299
354 510
233 92
206 343
623 312
106 24
762 760
518 693
304 124
280 487
177 27
825 499
227 406
872 403
200 691
198 299
381 179
385 827
192 329
453 442
40 65
843 412
303 107
473 789
292 302
70 25
341 53
636 689
281 888
34 130
448 454
191 430
24 682
755 194
336 543
19 94
345 853
434 343
34 391
779 523
134 100
135 68
38 413
59 307
90 86
264 147
23 273
705 465
824 175
659 176
26 72
7 300
565 323
29 59
356 494
859 208
35 47
7 67
649 1
676 454
280 159
32 3
878 616
136 203
152 88
164 418
506 32
2 248
104 58
330 390
15 30
605 712
216 197
564 119
821 571
129 269
8 64
557 482
20 18
530 433
765 725
77 316
100 346
295 99
571 271
770 183
385 239
234 709
849 364
334 479
8 513
31 320
76 39
588 879
58 30
284 301
355 526
456 482
128 347
226 5
266 477
829 523
423 483
91 150
337 392
180 277
289 253
256 507
275 550
189 695
455 595
7 84
602 481
66 87
232 767
288 33
599 50
73 108
665 92
696 409
832 780
801 540
224 2
149 110
131 196
377 422
59 100
592 611
766 589
83 274
152 515
804 502
564 873
35 427
2 113
336 226
267 271
363 590
318 267
549 179
376 784
95 181
393 457
221 323
9 792
664 620
621 476
88 182
72 140
5 19
776 544
308 568
13 10
7 225
7 54
745 609
578 375
133 48
218 674
327 310
777 865
679 245
96 66
70 753
124 751
414 488
99 297
107 90
1 2
582 328
552 93
474 658
326 207
157 158
810 319
799 391
534 474
163 240
260 91
758 295
840 415
222 66
12 596
645 228
376 614
450 655
627 90
663 276
492 121
125 19
179 16
323 716
33 66
222 805
41 2
86 40
377 535
685 565
737 354
194 221
173 95
399 151
85 76
279 172
711 760
774 20
23 22
148 238
800 52
516 12
197 149
375 93
3 22
324 8
6 111
478 446
296 426
252 244
512 317
687 312
837 610
576 367
81 254
539 154
286 350
393 431
486 83
116 531
97 661
33 7
410 246
388 566
541 653
59 556
378 458
505 854
64 268
586 306
421 593
382 89
699 444
37 34
875 819
676 868
356 847
194 107
4 8
890 837
518 125
806 417
874 804
781 437
551 646
266 357
454 626
407 248
456 82
39 553
630 555
60 1
5 736
220 91
672 641
668 317
14 11
797 30
735 665
326 437
109 702
10 17
60 673
67 262
881 216
347 485
128 443
20 164
156 124
183 528
756 134
230 817
296 238
101 243
496 785
796 140
772 333
210 20
609 434
235 489
61 376
484 850
61 157
814 159
117 111
563 861
570 456
145 615
259 15
176 33
469 391
461 295
12 141
604 539
232 98
13 145
102 495
17 153
353 790
459 180
270 6
289 403
639 219
371 656
466 411
450 304
79 771
786 43
27 23
44 52
375 548
73 167
193 278
48 136
11 793
29 644
319 134
201 40
105 587
401 262
481 460
126 311
767 775
855 426
267 84
624 505
52 474
637 375
3 74
148 84
81 44
183 178
558 289
14 63
350 795
371 794
437 551
674 734
143 78
415 575
509 110
77 162
498 140
138 198
28 25
788 211
171 105
761 616
415 264
790 822
257 142
315 425
807 417
740 343
251 188
355 411
845 636
251 442
187 325
680 472
201 405
636 373
632 30
7 191
146 846
729 433
711 457
334 742
29 560
44 126
561 258
491 671
123 46
191 577
617 197
321 177
80 168
26 10
671 741
36 4
97 877
466 554
199 146
284 56
78 306
23 50
723 614
387 388
332 251
470 819
138 239
65 77
58 349
833 431
504 384
638 344
441 196
151 76
77 206
35 5
361 302
42 798
28 71
486 603
721 405
418 768
207 345
333 262
245 197
305 289
158 675
448 209
20 129
503 78
437 505
75 29
423 858
759 282
48 47
66 374
139 124
831 761
99 217
826 804
371 318
202 180
107 351
892 767
409 37
537 634
142 73
55 40
90 287
222 662
18 128
88 13
547 40
185 823
581 489
591 496
356 64
227 764
336 544
276 373
693 714
108 359
409 514
363 386
870 44
21 114
501 529
261 420
303 866
344 155
75 110
502 400
627 754
812 208
324 517
379 331
791 56
438 467
601 430
713 236
184 148
852 122
530 862
183 583
293 67
370 26
163 215
36 527
657 5
231 157
787 83
633 107
525 309
428 317
690 549
730 264
221 237
290 52
499 488
654 547
118 73
841 589
2 21
509 763
235 68
192 121
257 291
365 367
335 496
38 102
385 616
177 368
334 59
727 110
219 700
265 153
570 592
612 170
13 555
589 498
647 366
238 863
92 85
172 98
44 24
11 9
189 30
63 116
383 130
12 97
18 165
743 738
235 292
848 199
651 400
201 236
731 210
276 231
264 484
643 480
89 132
728 30
38 62
6 69
89 29
80 404
93 60
591 652
16 2
137 692
227 574
508 473
519 24
53 213
38 83
11 25
195 45
