1590.8959281
1687.95126322
1702.39614924
1719.9385181
1764.76175676
1820.9861981
1936.0131381
1942.03404239
1967.74218512
1969.84971353
1993.0345981
2064.0717081
2127.62251279
2135.1088181
2202.38648255
2222.1408481
2279.1623081
2360.58892663
2393.2052381
2490.81855613
2523.95963381
2530.2641481
2538.2341732
2556.29217132
2576.3319244
2643.43001266
2664.51787468
2667.3230581
2689.49401012
2689.71840648
2796.3656481
2848.7703607
2909.4497081
2966.4711681
3003.62870831
3019.65216391
3065.5395781
3122.5610381
3160.73816074
3163.13214735
3218.29846439
3236.6039681
3292.8479108
3298.40229287
3306.34114159
3307.6410781
3379.35358057
3436.6836681
3531.69662875
3542.18900255
3588.06966446
3622.7629781
3623.14442325
3625.21528867
3681.39237596
3702.5762895
3709.7950081
3735.8470381
3815.31138978
3878.28085892
3882.9154481
3895.8743181
3904.80818659
3994.9427281
3996.9583781
4051.79056342
4108.0267881
4123.33955011
4144.0267881
4237.0693781
4272.1217481
4294.0908381
4365.1279481
4376.96245888
4387.1486881
4468.1371381
4524.2075981
4524.82522097
4581.2211981
4583.55530274
4621.2603581
4630.26521235
4735.42466208
4745.90292412
4749.3553181
4767.3005081
4821.11194716
4846.4080781
4869.85397535
4880.3845681
4989.86790494
4998.05025446
5009.4714081
5011.4250581
5043.07803107
5066.4928681
