0100000000000100000000000000000000000000000000000000000000000000001000000000000000000000000000
0000000000000000000000000000000000000000000000000000000000001000000110000010001000000000000000
0001000000001000000000100101001001000000000100000000000101000000000000000000000000000000100000
1110111111110111111111111111111111111111111011111111111110111111111111111111111111111111111111
1111111111111100111111111111111111111111110111111011111111111111111111111111111111111111111111
1110111111110111111111111011111111111111111011111111111010111111111111111111111111111111111111
1111111111111111111111111111111111111111111111111111111111111011111111111111111111111111111101
1111111001011111101111101111111111110111011111111111111111111111011111111011111111111111111111
1111111111111111111111011110110110111111111111111111111111111111111111111111111111111111011111
1111111111111111111111111111111111011110111111111111111111111111111111111111111111111111111111
0111101110101111111101111101111001011110111100011100001101000000101000101101010000010110100001
0000010001010000000010000010000110100001000011100011010000111111010111010010101001101001011110
0000000000000000001000000000000000000000000000000000000000000000000000001000000000000000000001
0000000000000000000000000000000000100001000000000000010000000000000000010000100000000000000000
0000000000000000000000000000000000000000000000000000000000001000000110000000001000000000000000
0000000001010000000010000000000100000000000000000001000000101111010111000010001001100001011110
1111111110111111111101111111111011111111111111111111111111010100101000111101110110011110101011
0000000000000000000000000000000100000000000000000000000000101011010111000010001001000000010100
0000000000000000000000000000000000000000000000000000000000000000000010000000001000000000000000
1111101111111111111111111101111101111111111100111111111111101111111111111111111111111111111111
1111111111111111101111111111111111110111111111111111111111111111111111111011111111111111111111
0000000000000000001000000000000000000000000000000000000000000000000000000000000000000000000001
0000000000000000000000000000000100000000000000000000000000001011010111000010001000000000010100
1111111111111111111111111111111111011110111111011111101111111111111111101111011111111111111111
0000000000000000000000000000100000000000000000000000000000000000000000100000000000000000000000
1111111111111111111111111111101111111111111111111111111111111111111111111110111111111111111111
0000100000000000000001000000000000000000000000000000000000000000000000000000000000000000000000
1111111111111111111111111111011111111111111111111111111111111111111111011111111111101111111111
1111111111111111111111111111111111111111111111111111101111111111111111111111011111111111111111
0000000000000000000000000001000000000000000000000000000000000000000000000000000000000000100000
1111111111111111111111111111111111111111111111111111111111111111111111111111111111111111101011
1111111110111111111101111111111011111111111111111111111111010100101000111101110110011111101011
0000000000000000000000000000000100000000000000000000000000001011010111000010001000000000000000
1111111001011100101111100111111111100111010111110011111111111111011111111011111111111001111111
0000001000000000000000000000010000000000000000000000000000000000000000000001000000000000000000
1111111111111111111111111111111111111111111111111111111111111111111111111111111001111111111111
0100101000000100000101000000010000000010000000010000001000000000001000000001000000000000000000
0001000000001000000000000100000000000000000100000000000001000000000000000000000000000000000000
0000000000000000010000000000000000001000100000000000000000000000100000000100000000000000000000
0001000000000000000000000000000000000000000100000000000001000000000000000000000000000000000000
0000000001010000000010000000000100000000000000000011000000101111010111000010001001100001011110
1111111111111111111111011111111110111111111111111111111111111111111111111111111111111111111111
0000000100100000000000000000000000000000000000000000000000000000000000000000000000000000000000
1111111111111111111011111111111111111101111111111111111111111111111111111111111111111111111111
1111111111111111111111111111111111111111111111111111111111110110111001111101110111111111111111
0111001011111011001011000000100000011111001110000100110111011101100100011100000111000100101000
1111111001011100101111101111111111100111010111110011111111111111011111111011111111111011111111
0000000001010000000010000000000100100001000000100011010000101111010111010010101001100001011110
0000101000000000000101000000010000000010000000010000001000000000000000000001000000000000000000
0000000000000000010000000000000000001000000000000000000000000000100000000100000000000000000000
0000000110100000000000010000000000000000000000000000000000000000000000000000000000000000000000
0000010001010000000010000010000110100001000011100011010000111111010111010010101001100001011110
0000010000000000000000000000000000000000000010000000000000010000000000000000000000000000000000
0000000000000000000000100001000001000000000000000000000000000000000000000000000000000000100000
0111101110101111111101111101111001011110111100011100001101000000101000101101010110010110100001
0000010001010000000010000010000110100001000011100011010010111111010111010010101001101001011110
1110111111110111111111011010110110111111101011111111111010111111111111111111111111111111011111
0000000000000000000000000000000100000000000000000000000000001011010110000010001000000000000000
0000000000000000000000000000000000000000000100000000000001000000000000000000000000000000000000
0000000110100000010000010000000000001000100000001000000000000000100000000100000000000100000000
1111111110111111111101111111111011111111111111111111111111010000101000111101110110011110100001
1111011111111111111010111111111111111101111111111111110111111111111111111111111111111111111111
1111111111111111111111111111111101111111111110111111111111111111111111111111111111111111111111
1111111001011100001111100111111111100111010111110011111111111111011111111011111111111001111111
0111101000001100000101100101011001000010010100010000001101000000001000000001000000000000100000
1000010111110011110010011010100110111101101011101111110010111111110111110110111111111111011110
1111111111111111111111111111111111111111111111111111111111111011111111111111111111111111110101
0000000000000000000000000000000000000000000000000000000000001011010110000010001000000000000000
0000010001010000000010000010000110100001000011100011110010111111010111010010101001101001011110
1111111111111111111111111101111101111111111110111111111111111111111111111111111111111111111111
1111111111111111111111111111111011111111111111111111111111010100101000111101110111111111101011
1000010111110011110010011010000110111101101011101111110010111111110111010110111111101111011110
0000101000000000000101000000010000000010000000000000001000000000000000000001000000000000000000
0000000110100000000000000000000000000000000000000000000000000000000000000000000000000000000000
1111111111111100111111111111111111111111110111111111111111111111111111111111111111111111111111
1111111111101111111111111111111111111111111111111110111111111111111111111111111111111111111111
1111111111111111111111111111111111011110111111111111111111111111111111101111111111111111111111
1011111111111111111111111111111111111111111111111111111111111111110111111111111111111111111111
0000000000000000000000000000000000000000000000000000000000001011000110000010001000000000000000
1111011111111111111110111111111111111111111111111111110111111111111111111111111111111111111111
0000000000000010000000000000000000000000001000000000000000000000000000000000000000000000000000
0000000000000000000000000000000000000100000000000000000000000000000000000000010000000000000000
0000000000000000000000000000000000000000000000001000000000000000000000000000000000000100000000
0111101000001100001101100101111001000110010100010000001101000000001000101001010000010000100001
1111101111111111111111111111111111111111111111111111111111101111111111111111111111111111111111
1111111111111111111111111111111111111111111111111111111111110111111011111111111111111111111111
1001010111111011111010111111101111111101111111101111110111111111110111111110111111111111111111
0000000110100000010000010000000000011000100000001000000000000000100000000100000000000100000000
0000000000000000010000000000000000001000000000000000000000000000000000000000000000000000000000
1111111001011100101111101111111111100111010111110011111111111111011111111011111111111001111111
1111111110111111111101111111111111111111111111111111111111111111111111111111111111011111111111
1111111110111111111111111111111111111111111111111111111111111111111111111111111111011111111111
