861 1195
796 450
788 564
710 125
833 730
137 823
523 585
497 853
674 598
526 620
504 195
790 50
655 776
666 68
510 261
321 807
211 353
664 670
385 512
192 151
91 208
627 561
805 761
611 704
722 491
431 480
176 87
232 116
627 464
101 143
473 366
772 536
167 742
773 353
537 803
144 845
188 742
374 99
614 420
158 98
361 238
154 410
132 389
415 851
644 47
441 111
475 634
90 130
358 276
776 360
114 60
528 820
825 227
261 802
824 394
440 191
830 76
647 622
349 39
7 768
197 208
29 307
792 305
431 304
411 89
266 315
269 806
456 232
799 632
836 218
456 205
724 656
57 471
730 111
51 31
378 347
501 365
364 16
637 254
290 647
714 90
455 632
314 636
793 455
490 623
44 812
755 558
183 485
753 151
88 353
266 608
350 664
603 764
227 795
302 701
39 116
43 708
95 775
229 121
393 66
712 352
619 35
518 117
149 510
596 373
158 810
421 616
407 394
496 313
140 650
11 786
389 322
693 120
807 73
24 592
573 392
849 81
84 802
683 354
345 351
183 343
616 349
571 171
30 243
11 183
97 288
490 770
383 843
791 141
671 7
62 117
277 603
303 596
732 729
235 112
473 838
705 625
72 10
856 228
779 147
566 201
387 745
181 426
521 773
587 857
23 332
478 792
277 664
10 756
685 310
845 225
584 759
691 531
63 456
800 794
172 845
632 411
362 742
539 339
312 431
472 196
63 795
524 287
749 594
422 277
551 202
366 835
786 392
237 532
552 592
678 392
107 618
24 718
518 840
481 816
791 241
182 688
746 79
137 653
639 566
641 41
208 201
201 63
809 131
243 203
447 330
738 391
681 858
188 127
447 509
634 27
22 152
206 30
34 767
675 631
185 531
599 439
290 289
494 806
575 396
661 713
563 169
734 159
16 787
561 142
437 556
426 322
746 111
769 524
71 115
775 507
330 794
377 473
521 407
492 624
364 254
507 618
804 108
393 593
751 228
754 54
189 594
624 655
488 76
21 644
562 837
796 681
383 570
20 380
12 436
69 277
170 97
166 428
150 765
627 138
706 36
570 690
83 185
828 492
234 75
605 170
181 59
851 784
141 676
610 626
784 482
775 613
585 484
197 411
379 450
648 396
11 307
714 831
562 67
370 56
414 546
228 529
541 533
818 625
641 178
762 743
140 735
143 299
677 662
777 101
747 210
814 521
93 305
645 567
432 703
79 185
563 582
294 609
575 293
108 89
310 745
576 103
812 406
627 728
744 737
313 416
179 25
782 405
39 475
432 512
527 37
456 421
758 320
601 375
473 541
157 796
314 632
90 195
816 835
57 774
809 393
399 129
372 315
581 719
317 674
218 489
818 329
73 594
554 320
587 249
101 706
268 207
347 353
54 13
362 792
294 161
441 675
653 69
729 335
630 622
60 181
54 840
318 258
812 254
25 212
447 121
382 351
417 62
413 837
330 29
115 135
376 370
573 572
711 685
842 801
474 609
511 115
348 640
736 141
25 409
266 620
80 436
774 52
554 245
52 732
102 397
76 400
777 338
369 383
572 328
131 507
385 38
351 92
339 351
386 701
349 551
189 637
110 211
141 217
140 492
735 109
412 494
709 578
309 415
358 696
153 746
158 825
246 514
828 529
143 847
820 386
324 431
113 139
32 699
572 589
589 284
566 258
644 245
673 833
786 385
250 212
114 62
456 621
142 359
104 172
349 254
164 402
149 444
345 723
238 657
497 84
312 57
279 172
136 231
233 31
565 390
99 583
578 37
100 404
639 416
661 45
733 102
847 411
854 26
846 319
495 169
52 789
273 733
34 75
351 591
387 40
298 56
672 729
242 8
404 306
344 203
66 741
351 732
697 285
598 258
831 296
477 142
730 808
34 31
797 479
460 121
97 434
698 23
398 314
490 271
854 637
460 816
12 189
655 51
107 761
138 739
572 494
684 834
529 136
57 212
495 849
780 186
165 588
621 559
435 804
598 176
75 822
523 61
64 828
445 82
806 504
40 828
803 848
168 326
572 48
729 41
91 150
681 499
718 651
605 369
403 367
828 817
183 3
456 269
567 349
398 199
800 775
681 631
686 556
392 51
365 818
814 765
200 679
455 811
195 378
175 26
169 373
521 90
460 354
859 282
560 520
712 141
333 141
596 56
412 477
401 382
35 321
233 438
656 791
57 103
52 765
338 816
305 152
632 56
644 25
406 156
170 640
88 452
711 104
126 365
193 117
379 315
150 237
274 738
538 96
222 488
588 561
306 745
822 452
810 341
517 207
566 552
295 625
319 382
812 744
828 806
278 670
188 645
721 133
499 786
73 355
790 822
749 590
792 70
294 122
655 373
375 469
379 365
402 48
735 630
392 680
474 140
73 722
421 586
162 46
695 248
155 483
133 14
716 15
198 455
36 550
381 424
382 270
185 389
606 329
536 261
73 407
556 484
477 654
488 230
99 39
765 485
839 489
776 537
329 579
825 63
149 791
732 662
184 296
626 3
401 181
380 333
267 495
120 171
134 328
682 543
44 354
497 648
279 269
854 45
88 241
347 668
732 791
799 69
651 378
107 252
844 536
468 573
576 838
728 185
89 165
725 681
304 78
210 821
212 208
116 401
160 860
174 382
459 232
27 204
821 444
856 108
305 372
679 647
419 648
527 733
60 835
370 649
1 359
768 745
76 119
267 588
787 57
652 403
539 788
364 142
434 112
575 836
251 70
149 451
177 785
854 36
851 162
765 560
759 218
773 219
266 93
648 656
105 104
243 227
593 733
11 554
416 533
196 810
844 749
528 637
77 368
354 556
193 114
243 431
93 556
600 193
444 673
463 804
565 337
535 550
621 91
435 180
88 42
847 154
519 197
634 408
412 639
441 36
688 772
856 789
172 263
830 782
706 843
141 389
232 255
129 325
232 403
445 379
635 680
163 839
101 92
344 224
644 705
282 588
749 758
313 774
745 527
833 653
631 758
248 261
280 538
589 646
45 305
112 608
267 308
848 154
764 217
804 600
75 600
190 356
412 711
786 670
449 432
841 601
403 446
34 604
203 624
656 171
402 30
48 490
514 265
125 329
644 79
118 143
738 365
730 280
188 776
587 160
123 211
40 849
519 566
119 301
57 374
373 572
142 114
335 812
675 512
705 269
676 463
822 710
393 384
353 786
669 417
611 786
31 333
622 175
836 406
802 601
337 823
542 126
166 310
149 409
63 28
227 44
163 803
107 222
531 400
268 832
95 559
153 607
603 173
156 149
798 447
458 596
392 764
727 264
238 534
166 431
444 806
64 847
762 501
461 267
656 426
51 418
205 708
201 259
754 283
778 701
854 336
24 249
423 284
6 441
209 195
681 676
115 471
830 441
762 595
353 255
476 197
855 403
134 242
688 319
670 227
516 754
176 546
725 695
632 346
405 520
101 851
361 266
451 243
338 757
127 3
154 685
141 351
774 421
159 97
636 626
338 278
521 249
646 637
570 567
690 517
140 332
816 546
171 93
474 639
674 518
98 803
428 160
413 196
668 569
225 633
828 149
481 216
529 582
655 36
496 649
73 789
473 720
467 241
483 239
745 861
383 13
152 557
412 347
213 747
328 347
352 456
46 183
578 177
216 770
594 503
339 767
346 462
667 746
68 550
807 438
559 187
762 96
90 765
690 270
123 293
678 512
334 379
145 245
7 254
800 480
190 325
607 64
525 158
831 547
109 95
632 850
417 259
395 740
565 448
497 526
112 573
445 768
356 734
409 402
105 16
701 578
683 262
75 622
811 24
159 35
708 831
38 14
698 373
43 209
462 112
459 135
19 496
253 361
177 450
178 462
252 73
36 263
574 637
294 352
327 228
197 57
431 47
445 226
601 641
831 578
787 407
169 69
321 320
396 700
773 418
83 62
99 549
793 765
594 173
833 598
586 612
467 391
665 339
616 853
662 848
682 430
385 530
18 592
514 589
225 851
361 620
293 800
731 645
192 252
624 173
621 789
433 388
764 509
88 659
821 378
340 504
329 226
222 609
166 404
314 508
832 199
177 66
28 54
544 618
725 80
239 260
68 478
142 329
812 292
222 774
161 277
339 466
186 620
198 477
299 165
108 519
559 96
698 37
595 473
187 779
215 236
299 524
818 438
792 445
595 70
185 413
617 514
482 192
222 392
583 210
835 616
330 695
115 556
43 795
562 338
389 758
43 207
221 4
224 296
293 797
575 801
27 128
372 25
402 395
638 565
365 756
129 570
497 541
563 401
703 342
797 754
746 295
725 671
739 599
788 293
297 37
319 533
509 19
168 666
480 87
463 748
702 620
48 496
5 618
58 337
416 57
179 583
667 492
856 346
807 583
520 521
647 638
283 382
598 828
591 356
62 740
208 403
25 835
125 420
29 667
234 671
186 152
774 489
424 464
598 375
801 172
628 330
104 54
49 160
277 443
11 150
456 745
140 626
704 331
195 297
258 35
282 36
229 288
302 622
453 93
620 680
575 819
62 225
525 130
667 187
740 114
291 427
48 503
740 174
73 669
836 695
600 40
777 510
308 454
524 139
241 855
221 366
793 259
523 102
419 463
325 420
456 543
624 618
723 230
188 121
302 306
697 665
464 22
405 351
315 843
74 58
324 85
437 459
64 680
788 241
572 503
391 674
594 554
143 556
841 493
232 579
120 861
102 285
228 741
425 766
449 110
521 508
508 726
363 544
25 227
591 425
334 532
50 510
113 303
789 409
485 421
134 577
177 376
394 345
861 139
376 814
658 733
551 837
817 684
855 289
186 784
600 491
443 329
296 261
83 491
419 14
356 576
174 459
4 778
88 474
61 223
90 123
674 690
351 659
331 713
694 431
265 192
76 51
332 526
423 403
57 84
235 373
454 204
469 108
708 673
205 533
793 156
210 780
587 304
559 219
100 135
802 262
750 639
37 812
630 666
575 730
132 154
502 242
168 846
32 767
512 814
270 131
431 595
128 309
45 608
144 338
279 857
658 710
561 360
366 370
565 506
605 573
750 5
843 677
134 715
217 56
230 138
706 299
407 468
840 414
210 445
266 62
329 256
245 624
600 609
299 466
198 318
253 538
534 576
242 545
734 288
656 785
235 807
207 246
70 26
604 576
217 447
678 843
479 777
739 286
382 792
306 679
545 570
195 658
326 13
338 728
79 708
231 406
634 326
590 611
129 1
472 812
635 128
105 167
133 679
834 819
160 90
76 15
677 38
587 585
493 826
486 544
492 88
516 826
701 140
843 225
670 95
295 626
116 690
456 81
850 131
746 157
22 430
432 433
252 405
387 226
700 76
40 333
380 415
310 438
836 37
250 64
403 378
296 576
272 247
651 797
184 121
790 548
383 23
595 212
412 128
328 518
676 660
486 751
30 728
20 603
455 297
