14430.9084203
1239.05635016
1367.15131016
1402.11968016
1523.25242016
1539.17859016
1637.29535016
1670.21908016
1769.28749016
1784.36376016
1883.33042016
1897.44782016
1998.49550016
2011.42538016
2112.53843016
2124.50944016
2209.59119016
2237.59350016
2323.63412016
2400.65683016
2436.71818016
2514.69976016
2622.79749016
2700.77907016
2736.84042016
2814.82200016
2833.89318016
2945.86249016
2946.97724016
3032.89452016
3078.01773016
3146.93745016
3217.97456016
3241.08106016
3404.05387016
3404.14439016
3491.08590016
3590.22370016
3677.16521016
3718.28228016
3790.24927016
3831.36634016
3934.37553016
3937.31768016
4040.32687016
4081.44394016
4111.36398016
4209.53890016
4224.44804016
4322.62296016
4355.48853016
4453.66345016
4483.54711016
4552.73186016
4580.59987016
4680.82682016
4736.70098016
4783.83601016
4854.87312016
4867.74147016
5010.97423016
5053.82078016
5110.04264016
5200.88919016
5296.12195016
5328.98415016
5459.18528016
5485.08526016
5572.11729016
5606.25369016
5663.27515016
5685.20135016
5766.28434016
5798.28541016
5837.32145016
5901.29460016
5908.35856016
6021.44262016
6029.35318016
6108.47465016
6142.43724016
6236.56961016
6245.44643016
6364.66457016
6408.50976016
6477.74863016
6536.56834016
6605.80721016
6635.63675016
6702.85997016
6722.66878016
6805.86916016
6859.72769016
6876.90627016
6990.94920016
7006.79610016
7091.99688016
7137.83659016
7179.02891016
7194.85805016
7236.05037016
7251.87951016
7293.07183016
7338.91154016
7424.11232016
7439.95922016
7554.00215016
7571.18073016
7625.03926016
7708.23964016
7728.04845016
7795.27167016
7825.10121016
7894.34008016
7953.15979016
8022.39866016
8066.24385016
8185.46199016
8194.33881016
8288.47118016
8322.43377016
8401.55524016
8409.46580016
8522.54986016
8529.61382016
8593.58697016
8632.62301016
8664.62408016
8745.70707016
8767.63327016
8824.65473016
8858.79113016
8945.82316016
8971.72314016
9101.92427016
9134.78647016
9230.01923016
9320.86578016
9377.08764016
9419.93419016
9563.16695016
9576.03530016
9647.07241016
9694.20744016
9750.08160016
9850.30855016
9878.17656016
9947.36131016
9977.24497016
10075.4198902
10108.2854602
10206.4603802
10221.3695202
10319.5444402
10349.4644802
10390.5815502
10493.5907402
10496.5328902
10599.5420802
10640.6591502
10712.6261402
10753.7432102
10840.6847202
10939.8225202
11026.7640302
11026.8545502
11189.8273602
11212.9338602
11283.9709702
11352.8906902
11398.0139002
11483.9311802
11485.0459302
11597.0152402
11616.0864202
11694.0680002
11730.1293502
11808.1109302
11916.2086602
11994.1902402
12030.2515902
12107.2743002
12193.3149202
12221.3172302
12306.3989802
12318.3699902
12419.4830402
12432.4129202
12533.4606002
12547.5780002
12646.5446602
12661.6209302
12760.6893402
12793.6130702
12891.7298302
12907.6560002
13028.7887402
13063.7571102
13191.8520702
