20119.3340369
4126.34760346
4254.40618346
4257.38809346
4383.44877346
4443.46740346
4486.45796346
4573.48999346
4574.50789346
4702.56647346
4720.55840346
4821.60608346
4833.60696346
4934.65464346
4949.70104346
5020.73815346
5063.69723346
5157.79706346
5192.73982346
5260.80625346
5291.80823346
5331.84336346
5460.88595346
5477.88754346
5574.92888346
5590.97160346
5703.02384346
5719.03018346
5831.08242346
5833.07311346
5944.16648346
5961.13169346
6047.17567346
6048.16372346
6104.19713346
6105.18518346
6261.28629346
6267.26046346
6362.33397346
6430.32379346
6461.40238346
6543.40785346
6608.47079346
6614.44496346
6717.45415346
6755.53920346
6832.48109346
6883.63416346
6945.56515346
7011.72912346
7046.61283346
7139.82408346
7143.66559346
7268.86667346
7274.70608346
7367.93508346
7377.71527346
7481.01914346
7490.79933346
7584.02833346
7603.88339346
7716.96745346
7740.12944346
7845.02603346
7926.20875346
7992.09444346
8039.29281346
8148.19555346
8152.37687346
8253.42455346
8277.23814346
8350.47731346
8392.26508346
8449.28654346
8487.53622346
8548.35495346
8624.59513346
8651.36414346
8681.61659346
8766.39108346
8809.71155346
8903.44999346
8912.72074346
9040.50890346
9059.78915346
9154.55183346
9158.85756346
9255.91032346
9257.56102346
9328.59813346
9384.00528346
9456.69309346
9497.08934346
9603.76150346
9612.11628346
9699.14831346
9716.84556346
9828.19090346
9872.94667346
9975.25931346
9987.97361346
10131.3604235
10144.0747235
10246.3873635
10291.1431335
10402.4884735
10420.1857235
10507.2177535
10515.5725335
10622.2446935
10662.6409435
10735.3287535
10790.7359035
10861.7730135
10863.4237135
10960.4764735
10964.7822035
11059.5448835
11078.8251335
11206.6132935
11215.8840435
11309.6224835
11352.9429535
11437.7174435
11467.9698935
11494.7389035
11570.9790835
11631.7978135
11670.0474935
11727.0689535
11768.8567235
11842.0958935
11865.9094835
11966.9571635
11971.1384835
12080.0412235
12127.2395935
12193.1252835
12274.3080035
12379.2045935
12402.3665835
12515.4506435
12535.3057035
12628.5347035
12638.3148935
12741.6187635
12751.3989535
12844.6279535
12850.4673635
12975.6684435
12979.5099535
13072.7212035
13107.6049135
13173.7688835
13235.6998735
13286.8529435
13363.7948335
13401.8798835
13504.8890735
13510.8632435
13575.9261835
13657.9316535
13689.0102435
13757.0000635
13852.0735735
13858.0477435
14014.1488535
14015.1369035
14071.1703135
14072.1583635
14158.2023435
14175.1675535
14286.2609235
14288.2516135
14400.3038535
14416.3101935
14528.3624335
14544.4051535
14641.4464935
14658.4480835
14787.4906735
14827.5258035
14858.5277835
14926.5942135
14961.5369735
15055.6368035
15098.5958835
15169.6329935
15184.6793935
15285.7270735
15297.7279535
15398.7756335
15416.7675635
15544.8261435
15545.8440435
15632.8760735
15675.8666335
15735.8852635
15861.9459435
15864.9278535
15992.9864335
