831 2377
145 -315
-294 -180
116 681
270 816
432 106
360 -384
-666 -346
268 269
-160 690
-36 -383
-746 587
-630 -152
-319 -471
-676 -510
26 -500
216 -399
-350 412
-380 -245
736 -3
-311 367
-248 -424
418 394
417 328
601 -683
-324 -603
340 -216
285 535
168 506
708 -247
-620 -628
-288 -629
-665 307
-406 646
2 695
730 -83
733 -556
489 323
97 -129
163 790
758 73
-728 139
303 -798
827 -285
473 -417
438 688
154 819
-479 -641
108 30
-655 -582
125 -696
787 642
42 114
697 826
-65 572
374 -679
-791 -155
624 -680
221 -642
-830 250
-561 751
-520 -659
615 -351
483 688
-716 463
-624 -606
-663 806
-816 -310
-683 -147
810 -245
-210 467
-651 -95
518 -249
-66 -816
254 -20
247 536
-516 -791
459 -375
-156 619
-80 247
-554 234
695 -667
-826 -752
-422 327
362 212
443 -294
590 246
299 664
-422 -607
749 703
-113 -454
-573 -708
-343 305
723 -809
-807 -44
107 203
-692 -290
308 -436
396 246
-57 131
-410 140
-737 -112
589 -766
-655 -289
-27 -819
465 -15
-598 501
-617 756
-603 -619
44 521
-349 -439
723 -171
308 248
64 186
325 57
-208 550
199 662
797 732
720 341
506 -752
-720 -298
-374 -245
-47 -810
-766 -687
18 -727
-222 156
-629 471
-204 -752
576 -175
16 466
117 -396
-680 -636
195 514
-615 -611
213 682
755 551
596 -805
576 828
-27 656
416 -373
56 350
-527 -252
403 581
106 -45
403 -656
110 520
419 210
-587 -215
583 -539
508 -360
-27 -799
107 34
-803 153
-106 -404
-585 -312
-434 533
-303 487
733 620
246 -215
-519 -342
-104 641
92 -702
-410 526
-417 80
-145 -401
534 -62
-274 -34
-561 -304
712 -265
-536 -821
438 158
392 677
208 -585
416 815
-546 -204
-395 185
-351 -219
196 -147
648 -747
-411 -794
-122 -434
315 -14
-108 620
214 609
172 -761
-456 827
82 68
-456 -404
-604 -92
632 530
-443 772
54 18
-304 -105
-613 -314
-423 -636
-621 -149
450 540
-272 -823
-63 -829
759 793
663 -677
-698 490
-38 -770
-75 -235
-454 764
351 375
815 274
230 648
-489 -392
578 809
-431 657
277 -231
-609 345
581 193
-32 -168
499 250
-333 -415
-492 -177
-505 -513
811 28
741 6
128 64
553 -666
-456 -237
580 -806
12 686
-776 424
242 -271
-369 69
574 243
36 -417
708 597
-384 289
-347 560
326 377
359 573
-331 -516
144 -739
-176 506
-287 96
783 431
-200 55
617 -283
639 -62
-692 -105
451 -718
334 680
-495 153
724 -31
-396 249
-221 317
159 422
-108 -234
-344 -396
-590 415
-215 451
-826 -410
778 44
-781 391
-96 -712
427 640
631 85
623 694
112 -598
-517 164
-532 64
663 -424
-138 -739
-769 -827
749 -621
461 -160
653 165
812 495
-481 16
415 652
809 -485
-789 20
-812 -714
159 755
-524 -577
-742 -59
-211 378
157 -797
400 352
630 -743
767 521
-162 -606
62 -537
-812 740
-715 -483
-268 720
250 454
535 -307
-400 -601
-346 588
578 75
611 119
-505 -620
580 -393
-807 -43
-415 -469
798 553
-687 -136
-469 503
-287 -662
-137 637
-341 712
-536 547
-558 268
-126 560
-226 471
-117 211
-264 702
-438 16
488 396
377 520
80 191
-722 266
776 511
135 -128
-423 -582
702 681
460 411
-683 -169
724 539
-458 623
-675 655
357 280
-695 127
584 -625
263 -364
-530 -319
632 -616
29 247
-612 -420
442 -349
790 -304
-412 -532
77 -19
757 578
-612 -503
-729 -378
627 566
541 -620
613 828
-577 448
562 -719
-536 -619
129 -92
377 621
-15 563
-393 -233
243 -119
-570 41
200 329
-530 -305
-551 552
-828 311
-193 438
338 434
-152 -75
-478 616
-778 635
-239 -657
-12 193
151 -44
-259 -643
-48 106
167 646
-746 455
682 594
-149 175
125 -388
-579 -509
-95 269
-685 -35
115 267
-490 589
-826 517
-404 -567
-331 24
470 -669
43 628
656 596
366 562
-735 661
-441 122
573 292
-650 142
419 -753
-388 17
-721 -682
-182 -198
-573 60
-474 532
497 -472
-176 576
-125 700
252 390
-587 790
-784 432
620 553
-658 -20
-699 109
494 324
38 -460
417 462
-788 -427
448 557
-641 250
-84 369
-68 -306
8 -138
713 -367
-143 -479
-527 628
-214 -454
-439 -530
-483 -422
-792 132
-566 -211
678 -126
-80 -648
234 366
510 -810
663 -506
799 -201
-491 -6
305 534
743 292
-218 264
-507 815
695 781
730 306
623 303
378 -254
-757 -21
-297 67
-208 60
729 302
-645 462
248 -401
-684 -39
-374 -299
-227 -522
728 -740
-372 -237
101 652
-349 -247
96 488
449 -694
-451 -177
-81 -129
-632 454
341 641
-337 -303
322 519
722 -393
270 -765
23 552
468 -440
-259 -176
-371 -657
-79 148
627 -579
506 -54
-699 -355
615 -186
-31 -298
-745 -385
-585 169
-234 736
-791 330
-247 583
259 14
194 682
634 -639
555 -286
-778 -529
62 504
-234 -143
669 -715
-749 -191
149 -369
793 56
210 -635
401 206
576 -683
-494 345
59 612
-419 626
-78 699
-339 239
-469 -272
-8 -730
-371 -666
-723 769
166 -770
-249 -691
446 -638
-627 -644
-479 -233
-811 647
-260 -657
-408 -812
831 807
200 -723
-406 804
745 197
270 -735
-44 763
-781 -499
704 -483
252 -98
98 276
-802 -624
-132 -44
293 543
64 -456
11 414
484 -394
-149 -643
-829 704
826 -295
-344 85
-204 71
-776 180
590 187
757 213
-756 -93
723 -661
-542 147
136 718
733 282
727 -674
74 291
25 175
-495 350
199 350
-63 -197
-636 -499
-668 89
340 552
-179 257
-524 -545
530 223
-74 -78
-689 -339
37 -289
-653 814
-791 190
443 -760
-351 76
-235 755
52 488
794 27
-636 524
609 72
820 672
-477 -37
-76 611
-512 536
-704 796
686 732
-479 712
515 -403
324 526
817 -562
-629 448
525 95
122 597
-509 -806
604 -52
536 214
613 -104
-100 -703
-3 392
201 544
-470 720
-820 192
130 329
-797 -199
-306 -465
814 -433
473 645
686 471
718 363
-504 537
-262 771
746 692
87 372
-94 -254
824 399
-697 219
-402 -87
-246 613
405 -8
537 7
352 400
-476 -426
516 -774
-211 623
-530 769
564 -755
-813 830
762 276
419 -740
96 468
-165 -719
507 496
-534 -482
509 116
313 399
-429 644
-722 -444
-249 117
233 603
727 -462
-816 159
-617 91
775 -501
-489 382
-680 -524
-791 588
-603 -608
-625 256
-586 687
-741 789
-38 245
827 615
-317 -535
802 542
-273 329
-558 817
-749 221
821 -605
732 -233
-339 212
-500 190
-757 -232
-190 649
211 332
383 345
-490 628
66 -257
-238 34
-379 519
87 -742
32 -359
-298 399
520 657
549 -689
592 360
588 792
483 -182
543 -588
-40 823
204 70
-386 391
248 -5
-224 157
-371 -226
110 527
-310 146
-208 -674
720 754
719 717
307 -430
-249 601
-179 -760
553 -342
-445 55
-559 87
-435 -221
258 67
318 -823
-817 -793
-656 -66
-658 91
-322 414
-474 -543
716 381
660 -788
-106 -124
-480 -430
-308 -78
278 -830
196 -360
-90 -486
808 -386
-148 330
750 -471
-249 -118
453 -75
195 -814
-798 455
-198 -831
783 -689
-643 -416
369 -390
94 450
269 -19
-303 779
272 -398
290 388
477 123
-798 -678
650 132
251 -128
674 -90
-127 165
-656 602
29 598
475 279
106 361
233 291
-561 -777
252 -249
-779 -486
691 -503
602 -809
-601 161
540 -282
-386 -93
-683 506
232 -126
276 739
229 -498
-39 -710
302 588
-811 -800
657 -578
551 338
405 653
-6 216
-634 707
108 406
-427 -819
-10 484
251 128
-701 653
21 -224
-494 27
51 189
-413 711
-274 -369
174 477
200 120
-557 -268
627 783
-423 -57
-592 -263
402 -811
173 -284
21 -5
108 -286
588 -133
286 -590
-68 32
121 660
-553 -600
-279 -612
411 -689
-683 -71
228 -805
-157 -298
-453 -781
-536 -746
-162 -288
312 -823
806 -557
-194 -142
-760 -580
-717 232
-265 -691
-430 -340
217 497
-771 -6
-47 -364
-450 426
-656 371
313 -208
793 -101
-38 -112
275 -154
448 -58
135 441
-53 -467
669 668
667 -645
276 -499
-703 -700
-586 -449
115 -294
48 -507
724 -56
-397 117
-466 -442
-196 649
315 150
137 583
-154 -107
-774 440
-391 310
-507 -240
-613 -431
-549 424
-176 16
-819 -495
202 -242
215 565
-817 270
-445 -722
342 695
531 -524
643 115
-61 -551
-716 -493
759 -382
-150 -595
-340 -365
-829 649
540 -219
-347 -296
-134 384
689 409
-289 757
694 746
574 209
180 545
588 755
-467 817
-543 -76
-8 35
-637 809
-738 -540
119 10
-285 413
-495 -667
658 -812
-455 579
786 -552
-311 -285
645 113
553 -611
387 508
54 494
-375 -66
-153 118
201 543
-747 818
-188 662
575 446
795 447
-2 157
736 -207
-455 84
-551 -335
-774 -735
183 -628
51 -406
-685 -406
-563 114
39 -59
-506 776
289 243
-267 719
-24 514
-163 -221
91 60
-569 -608
38 -177
276 -207
768 440
-391 -361
-384 93
-212 108
771 -821
-576 -331
-625 -328
-86 661
285 299
501 178
-370 68
291 367
108 236
352 -647
191 81
797 814
-472 375
21 646
168 -38
-49 -502
40 -22
80 720
748 -466
237 741
-597 -418
-597 -193
-147 -276
-458 668
213 15
-818 44
-643 -663
-182 -314
-255 -615
435 -411
-301 261
-47 347
485 28
565 -662
759 752
-303 232
681 319
791 -184
-78 363
300 656
-575 44
-658 394
-47 -601
-345 642
698 -773
-470 -249
-403 -584
-535 194
-649 -175
-363 -700
320 -400
-671 695
293 -772
575 683
794 -707
-696 619
-68 -730
392 -555
356 349
274 -196
178 -398
-111 -350
-341 314
-283 -30
583 -288
-379 -419
-481 -229
192 726
634 -297
-435 646
-234 -58
568 368
129 -46
576 -5
-159 -614
535 630
195 256
695 430
-245 218
-574 -316
762 -810
-358 593
646 204
-275 -466
636 818
249 457
434 -126
811 -755
295 -419
495 814
254 -761
768 564
-694 -232
-616 47
498 46
161 668
520 -585
-128 -138
243 -661
335 -811
130 720
281 -671
256 -345
-544 -447
333 201
-149 266
69 523
-784 -273
-830 557
138 194
277 536
317 147
-104 379
23 778
-544 492
348 -203
-200 -302
-524 -664
-202 -347
-169 296
385 -122
764 57
457 773
-189 -445
-356 -308
-768 -575
352 -263
-733 570
-458 -738
812 825
159 655
83 131
504 708
-96 348
650 567
10 -512
356 727
63 -335
-383 366
-8 544
614 -535
-112 754
656 634
-688 -495
-413 646
640 464
133 -807
500 -266
740 41
-562 -661
-69 -14
449 589
85 -533
761 531
-189 -307
-572 498
-122 -505
-352 -524
-138 -163
-83 -575
-749 634
-316 433
270 -798
134 -790
430 47
340 -523
-70 -820
-794 266
318 -95
-307 137
736 -407
596 772
165 -798
227 151
-303 356
-322 -544
235 241
-51 739
501 -1
-652 20
-385 -697
686 182
665 226
406 250
-134 750
-45 -129
-22 -42
-791 -770
509 -549
774 -279
284 -271
-527 581
-623 -81
532 -486
446 13
-87 4
493 529
-572 810
-413 -537
-717 -202
-161 -184
-764 631
-823 520
-119 -10
-685 -31
413 -118
-702 376
527 648
182 746
320 610
526 -131
705 441
520 240
439 -164
433 652
-698 571
480 612
-312 -193
462 674
330 -599
-786 -201
-614 -384
-609 -188
-647 -294
469 -302
637 500
-268 -257
-202 -553
-465 707
577 21
-437 -381
733 104
321 -711
726 -826
278 -208
181 -363
265 661
-79 -260
153 639
-693 784
-802 31
-637 -761
64 640
174 65
711 233
-635 391
445 785
729 188
-577 -255
475 -753
334 -635
641 14
149 368
694 -789
748 712
474 -598
684 -668
-238 283
689 3
-132 373
-63 520
143 -213
-708 94
409 479
-809 657
167 -74
136 564
-55 -90
234 -97
488 -170
-77 393
127 238
-165 102
-520 -183
621 298
-712 -432
766 -107
-506 566
-772 -753
-353 306
-254 189
787 -425
505 805
-326 -624
812 -122
105 -658
150 -543
-670 -596
699 444
-498 245
-304 -407
55 257
-760 56
-765 533
23 -758
-770 -648
-260 221
-259 739
-617 -795
-347 -25
-353 -397
238 -512
110 -719
91 -441
-301 -326
-427 -266
-821 -573
128 633
-344 352
151 -696
241 -304
-314 631
694 -248
-663 -85
-175 -189
-28 202
212 21
23 606
-534 -129
-529 -38
281 484
554 -267
740 -267
23 -253
-241 -343
91 -446
22 -731
289 165
-506 290
-98 -493
-330 -71
-42 -586
578 -383
763 436
-769 411
116 -436
-343 484
641 16
234 -223
611 702
776 -724
-443 -517
114 136
-514 201
340 828
-547 795
498 132
-527 -41
143 141
-617 -341
-535 -284
-168 -310
-238 572
-165 -345
250 684
-9 -413
-346 -257
589 336
-589 -13
-375 231
556 -584
-86 435
-526 -46
-536 757
-762 390
449 -229
40 -491
-724 -136
-354 85
-361 -556
642 646
-85 -760
815 90
-489 -194
658 151
474 189
-721 -399
-774 571
-103 -513
109 767
-815 -456
273 662
570 -772
597 205
-104 -307
-143 -538
299 -235
496 699
459 396
596 368
-262 -173
-259 452
565 405
-487 568
176 -456
-70 28
-315 426
420 -795
-767 -258
33 305
-48 103
122 -744
-152 813
725 -364
-753 353
704 -732
-531 238
422 825
509 137
161 337
788 -551
89 -771
-443 688
737 593
292 384
355 -513
666 336
500 -274
430 -401
-541 -197
181 595
-705 392
46 706
431 -436
97 -343
-246 365
137 -409
35 528
-441 -261
169 790
-702 271
789 510
487 815
-420 138
118 -330
-133 827
675 -760
395 -352
-229 -517
-145 343
169 408
503 483
-342 -477
-388 556
228 -491
-566 -44
-517 202
551 -305
-356 699
63 -70
-627 529
-644 539
586 595
-188 -51
-121 704
179 -147
642 -260
195 -27
-50 580
-251 157
-444 -603
-177 -699
-163 809
309 -193
-447 373
-623 239
-234 -676
-459 527
-472 -567
540 -477
-186 549
656 822
63 -614
-152 -799
420 -765
-550 -349
-438 457
417 -16
317 798
-366 46
-745 24
504 -713
-303 284
-637 -520
432 613
-539 -204
-368 506
232 -178
-145 -753
530 608
-101 93
658 -208
-609 -217
-617 -244
-173 -540
724 -675
-342 749
-392 753
-588 58
460 606
167 386
511 653
192 649
-563 -569
-245 225
481 -585
385 198
792 -504
98 -555
-219 659
552 -91
-671 -321
-613 -341
-58 666
56 709
101 -252
-22 127
-580 -573
249 830
52 -687
-40 479
-270 -818
-408 -325
605 -742
-4 685
-642 -183
-149 -572
-205 -300
-15 -668
-119 492
-593 -693
239 -700
698 732
563 -594
-620 -808
-236 -669
-789 -569
-69 137
-822 365
208 335
221 735
543 352
167 -380
749 390
-26 -829
135 752
-394 -647
540 -144
502 261
-588 -729
651 -534
637 165
578 783
-602 246
-696 -493
-221 569
-3 210
-708 -80
-824 796
294 548
-49 -626
-804 -181
168 333
337 -138
-472 715
394 368
-569 -778
-105 -57
-170 -472
-315 -536
786 -53
-237 -464
-266 -121
571 75
12 -479
339 -140
67 735
407 -419
-798 -325
-399 -137
-265 -12
466 -23
108 298
-397 -673
-68 -484
-438 -536
-404 -206
529 -645
113 -290
394 492
375 -808
-192 -673
693 154
489 -218
468 -527
-324 -469
329 -523
438 -560
-575 30
-426 307
348 -525
-147 -517
196 -347
407 -355
392 -565
-102 -818
331 685
-346 -360
-510 269
396 249
556 119
759 277
-518 -822
751 -124
-123 615
-81 603
-425 -642
-413 -588
-37 -184
-551 355
-47 -671
19 -575
661 248
197 -99
765 -739
52 -91
303 -92
211 395
201 -109
230 -476
-13 351
-764 -132
-685 -782
411 307
-549 -602
653 -260
-630 397
293 132
458 462
-407 -608
266 -789
-729 -383
203 -625
622 -8
144 548
-157 -236
-759 -177
-800 -633
64 275
53 300
681 -549
-764 17
699 -615
-222 624
42 -229
722 -133
405 458
563 -92
-152 808
256 407
-110 -513
119 481
-535 -484
-654 -412
-547 81
-453 -346
-803 413
-46 476
-5 -371
779 489
256 -219
645 296
330 73
622 -738
212 -664
-605 812
-34 -708
481 37
431 -51
497 695
2 98
357 73
521 767
329 99
-90 -466
63 50
-37 -391
-66 -526
416 327
798 191
449 -610
-35 564
68 -22
-242 289
-193 267
15 -40
-198 -790
-602 243
569 709
-764 -278
-533 668
-150 80
96 353
-263 202
-801 -562
-435 686
150 -433
781 -342
-502 74
-743 296
61 207
-660 -521
-460 -682
-230 471
-243 -513
448 299
-794 -148
108 -91
490 596
675 333
41 -501
417 580
297 637
-393 -533
-44 675
134 469
-319 -622
-349 -819
-722 -462
426 -356
-628 -241
458 756
64 649
-217 449
-604 762
426 -577
420 -253
-475 141
-95 388
444 374
-708 -463
-730 413
240 -442
-213 300
-165 696
-432 592
403 -218
712 -631
156 -83
809 -68
-799 -815
-618 279
-58 -195
-409 32
631 -814
-195 -486
-483 -186
-511 460
813 -228
-303 -673
-717 -297
581 250
-694 -587
-456 -368
93 -246
365 433
671 -576
-308 257
613 -420
699 -418
-573 -820
-408 -517
221 84
-775 304
809 -182
-280 -205
-513 -651
425 23
310 718
47 -337
-827 765
-523 -186
28 -803
305 132
512 210
-679 546
-625 499
-459 -652
-387 -506
621 -437
455 469
562 675
733 -559
-779 -323
11 592
28 279
-410 -277
636 -609
-301 -365
472 -172
-515 661
-674 286
-373 425
366 510
-601 -656
-641 -63
93 762
-32 626
-546 149
254 -730
379 -517
-137 297
-273 246
81 -763
152 -536
-167 -104
168 -303
204 -594
-176 -227
-246 -98
317 778
367 -476
-799 -91
-143 262
174 54
222 -315
398 -794
-340 -291
746 125
-466 469
-27 -99
772 499
-474 9
791 -208
830 503
518 620
88 -12
586 297
-552 64
196 -655
-1 -442
-819 -424
456 -696
-656 234
-178 -262
583 364
745 593
610 776
-434 141
-353 -246
-27 345
-647 415
444 62
-724 807
35 -790
812 166
-337 -138
-175 552
-134 802
342 558
309 513
-608 -598
453 -376
-568 319
129 706
139 -478
-461 430
486 318
-460 617
-810 284
746 149
163 161
-380 637
-421 -756
-529 257
-292 -164
93 -129
-331 291
457 142
478 -783
-35 -456
161 -572
558 -605
283 -372
532 -295
-779 422
-719 -504
-758 -355
-490 44
-776 660
740 646
394 -823
772 -829
25 4
382 654
173 97
698 453
187 -739
260 -266
-578 -192
767 -765
506 -582
700 -472
377 186
69 100
-197 776
45 417
234 -562
-358 -592
193 -716
540 -378
-154 94
822 -704
-569 152
-740 -688
-30 -325
719 640
582 -339
748 323
54 -545
-615 320
-190 217
35 597
614 384
-819 373
-83 -262
493 -552
447 10
169 375
-256 -629
-382 -660
667 -736
-38 -291
806 -47
-85 725
455 364
56 -139
-300 583
-815 823
-775 -553
195 -629
624 -604
746 631
416 754
-250 250
-456 499
-110 -340
452 -122
701 317
-98 514
-717 222
760 721
-78 421
499 696
-814 -4
686 706
-237 306
137 453
-698 634
750 662
202 -821
-221 -642
-503 40
-244 -213
-282 238
-86 130
-441 754
806 221
473 -342
-432 -689
203 -826
162 763
-435 -106
746 -512
507 627
-409 697
765 -645
436 -480
-725 407
-353 723
409 229
354 -500
-213 -506
-447 84
-780 -591
-771 -710
-223 527
664 -18
-677 308
-794 176
-358 -169
385 301
-691 289
-131 -678
-592 284
-352 -57
-406 336
205 641
642 -79
-483 -297
-625 394
-507 -17
-264 369
-71 -776
-781 385
311 551
678 549
202 605
78 -667
-668 -532
719 -499
567 -320
813 -40
-130 333
-503 -17
-415 -816
-318 -482
465 -299
126 -314
-332 644
267 649
365 -433
630 128
-219 -469
-723 -400
-795 355
319 225
467 344
-418 -205
180 640
705 169
670 485
22 -356
766 42
233 351
-820 -166
-159 417
-597 -51
-294 434
414 17
-37 692
380 -252
-432 -10
346 666
469 115
358 -37
-31 -769
-423 -413
103 236
92 594
-401 457
-238 -109
411 8
-730 452
645 808
-497 -507
-35 -16
526 -60
-606 -164
-347 247
-416 -520
116 105
351 -458
-658 126
108 299
-310 734
293 -479
-777 -449
694 676
69 806
645 -433
39 -127
-468 -645
324 369
-120 249
149 -132
-245 606
189 682
86 -76
-546 -232
722 543
-262 -165
-402 -498
-619 -604
-472 314
327 381
627 -64
810 -454
-435 -561
-213 795
384 695
288 -196
-677 48
-621 -488
-668 -702
-497 -248
506 -68
-36 -480
-749 300
779 -702
112 -47
525 -746
757 -299
-712 -612
658 -417
658 -420
-447 110
-79 -784
185 -587
-576 787
465 -99
-147 -140
-544 328
-200 -66
333 667
468 748
284 407
4 196
-53 -629
-127 137
-532 -482
-795 696
-235 -827
-368 -828
626 83
613 81
-724 -362
142 -405
-205 -211
-382 -783
737 719
-471 -297
-399 -241
-266 -672
-159 217
788 -808
-276 236
-257 -635
-261 594
206 -256
-448 -562
211 -30
92 -703
-529 158
-256 -228
-286 -335
445 -578
191 49
-260 -466
624 -243
-642 -215
-802 803
-712 -188
-328 -398
494 6
736 16
769 42
203 -525
-611 -736
802 226
146 -79
-1 -270
252 423
533 -88
-313 140
578 15
26 -829
697 558
-177 -535
-297 60
-324 -493
-532 167
355 -647
-172 554
-142 -821
43 -608
-595 273
-464 205
739 667
382 155
198 -726
-689 603
-86 349
522 -525
416 -344
-86 490
207 69
597 72
155 45
-322 96
-338 -597
543 -306
-779 -475
-388 795
-479 -299
231 -357
-273 92
316 777
415 508
216 -416
-641 -47
-26 267
-169 -461
668 338
-648 745
342 442
-529 249
178 -812
-724 -46
769 734
-471 -654
-823 40
-375 -692
186 -186
563 733
115 463
730 -68
-303 -191
749 -513
-222 320
350 808
563 -297
621 -748
399 -151
-559 -280
-692 758
35 11
353 -823
582 -291
-300 -55
-227 51
134 460
-687 -53
-332 -774
550 -392
-627 414
-353 407
-178 714
590 531
14 705
-547 -204
-241 -536
54 189
557 -31
180 -348
-560 -824
-513 -97
558 798
-702 -633
135 321
-611 714
712 817
-619 322
-140 -654
-673 -240
388 182
114 -335
-197 173
251 297
-233 692
40 798
160 401
-496 639
16 221
700 14
305 506
20 404
-202 213
380 651
-817 395
-801 429
-729 -650
-746 589
247 68
-127 -599
-349 104
-15 -135
-460 821
-404 741
-312 -752
-177 258
-208 -783
243 83
-170 391
633 -172
84 172
-522 -296
-442 525
313 566
-698 751
398 -699
-514 -825
-8 115
-711 -276
703 -159
769 -23
397 567
600 -795
-801 -508
-262 -424
-563 -321
-753 405
-259 622
-683 318
807 623
567 756
418 -173
257 289
-679 -74
-130 177
570 -446
455 -719
-24 576
25 386
621 -794
-675 -451
519 585
597 -52
-384 -362
256 -750
790 194
-169 52
751 -279
756 -521
-761 326
726 344
338 342
10 141
366 339
245 -758
444 313
-102 -738
-389 520
-287 -818
-831 -190
711 525
-284 570
-110 -251
665 -625
812 402
497 789
348 662
145 680
-684 -174
202 -458
380 680
432 -484
295 -324
651 -233
242 45
206 -490
-753 -259
-60 98
513 471
140 -358
710 731
597 -265
555 743
174 -10
478 -158
213 -114
541 -590
-489 271
-84 5
-523 196
615 831
698 507
823 -607
103 705
290 -261
-595 -138
61 205
388 771
-647 402
329 -100
-738 -490
-408 429
626 160
562 512
-370 -130
52 -678
804 177
548 70
310 -258
-826 -466
-78 745
-523 -331
-71 -151
316 -299
-578 -526
-29 -632
632 -12
-417 148
188 752
-509 318
517 -303
-69 -818
822 607
-315 -290
-377 -465
-105 -221
-252 706
-139 683
-661 707
-31 -480
-813 -729
541 -243
-422 -234
-12 328
228 -14
-613 -9
-105 -200
-647 -350
594 270
523 644
424 322
633 -505
602 629
-672 270
-256 -351
539 41
232 821
-104 498
-633 -520
699 619
-622 -418
-680 732
-91 -160
200 1
-479 600
-278 360
308 -515
-264 230
413 -598
188 401
-803 -167
-416 688
67 -754
471 -525
-696 -15
-531 -755
648 95
-428 -558
662 -218
414 513
-777 -400
-385 583
809 -470
-322 596
785 -666
187 -391
-824 567
91 343
-539 -34
695 -652
167 781
-151 413
687 -743
432 -52
42 -364
-677 -23
777 -254
342 -644
763 -742
623 107
-351 -7
57 -259
-409 -396
804 -328
49 515
-716 531
-166 243
128 -41
814 196
-440 684
526 380
366 -99
-378 587
417 -493
-301 -373
-700 404
108 334
-184 324
-378 -182
422 22
-120 -291
380 698
446 488
743 493
685 789
729 -157
558 757
578 -418
-122 -666
-534 -647
301 279
276 174
-362 -407
-107 -271
636 -138
-357 370
