1

991 2869
-160 303
158 63
853 291
902 -479
835 -950
260 -468
50 800
-205 782
-880 -411
-181 -334
94 629
-68 -700
476 217
100 -218
932 -759
30 -651
612 660
938 -762
418 67
49 -321
174 -454
-542 932
-241 -801
-986 -440
4 -774
135 -370
315 296
-42 -615
-755 876
-273 -898
477 184
496 957
-550 -157
24 910
-685 -710
-519 -675
-974 772
-504 -496
-703 812
816 604
903 -483
464 152
-680 -371
-609 -303
989 -67
962 124
471 926
-78 -121
-918 -392
279 698
211 682
-103 768
-148 455
-537 583
524 313
-591 -327
913 439
315 -546
-73 823
-353 172
382 -24
-562 -838
788 672
-353 -185
-901 -304
455 881
814 568
-529 -58
789 -365
-355 10
-437 -974
-746 743
-144 -80
663 -888
-744 -268
-800 -787
263 368
216 -637
487 -372
-424 653
-562 359
-955 -584
381 359
916 173
-724 -694
812 -508
-937 -139
299 -681
750 -507
-422 582
-921 -105
824 776
-889 753
-218 732
-436 -340
-960 355
-811 642
30 -811
-617 136
396 -800
15 789
904 46
-180 -496
-498 384
-155 506
830 -895
838 382
664 -70
212 753
227 -666
557 143
833 436
-522 -588
173 -322
-988 -398
-198 -940
-535 -426
660 336
85 946
730 -796
-930 99
909 -654
-770 -735
674 254
-796 -989
-827 -187
-113 -42
358 -479
-172 -262
893 707
339 -195
-394 765
372 -55
310 366
168 -524
125 -248
71 -89
329 -66
-394 410
-455 726
846 176
295 760
-611 470
911 964
-17 396
-777 -68
26 -342
-129 884
-11 -878
12 833
-160 -211
-20 465
424 969
396 -673
697 99
209 -400
557 949
702 869
-565 671
-42 129
780 912
-924 396
124 -466
-218 -107
107 -283
298 990
747 228
383 -433
591 -83
-770 -6
22 -115
-945 926
-546 -394
974 118
-972 396
942 265
766 -182
879 -762
-357 -622
860 926
-61 -971
919 690
-559 -811
-936 397
790 465
-643 570
351 -862
-174 -485
-212 -629
-551 76
-104 -39
7 448
432 -641
-562 481
-103 -208
-752 -828
-186 26
-454 170
-119 480
-494 627
-705 -41
125 839
-526 -817
-797 -837
-901 203
360 -729
-293 990
387 946
349 770
-751 528
175 -281
965 471
235 -857
626 -792
360 91
716 225
138 -460
-533 511
336 42
-849 717
715 -455
-778 420
944 664
823 -499
-309 37
-345 -36
316 -803
469 -515
-675 -329
-461 -438
523 312
208 736
-510 -86
-799 -869
-915 -284
742 -591
753 -412
232 226
598 646
229 -731
864 913
624 -276
707 -433
-643 -784
-41 184
-694 520
721 -945
-398 -39
-745 306
842 -864
-931 967
605 -93
133 464
761 -573
-808 -383
-168 -93
-795 -933
-119 -120
57 717
951 -673
719 -304
-504 -32
196 -35
-711 -355
-350 -507
-561 553
316 950
-848 959
47 -74
-912 616
-256 -795
-423 237
23 -445
937 -933
-41 -198
829 772
339 -797
-542 -732
-165 229
-226 -884
234 565
150 418
-530 -809
-196 401
-684 -602
-629 70
95 -810
-102 -219
260 -744
-44 -841
-253 -49
-12 977
664 904
-533 570
545 57
835 -895
664 159
114 -491
-812 -81
370 -369
901 -678
84 -127
-945 149
-981 -256
716 768
-472 -219
-113 -680
579 -293
717 988
-431 -125
-21 327
-503 583
-86 -990
-174 -38
-945 -276
-394 -969
319 852
726 -551
549 867
-918 -893
-28 -564
-621 190
-739 80
350 632
-240 264
549 447
-37 316
926 -364
-510 559
913 931
-288 -732
387 -76
838 -244
320 65
708 404
282 543
-931 934
594 922
-733 -873
934 -918
-16 -776
419 926
256 -918
490 -455
-165 533
-289 -791
596 -111
924 905
-640 497
-357 26
-304 -452
-122 772
870 860
-591 -972
857 490
700 690
-808 -31
-562 582
-431 -538
-109 561
-34 829
-562 553
-746 -508
-758 -217
-881 869
229 -831
303 -685
846 -849
88 -914
188 259
-971 863
-940 -890
647 -535
519 -464
311 477
-139 -493
-103 -202
-942 320
-344 -400
346 -406
825 -492
-984 -254
-405 -754
490 578
918 261
182 799
181 948
-791 -764
-468 -747
-185 -283
114 -744
583 716
858 -141
-328 -28
243 -527
660 161
353 -31
-819 369
925 250
-685 329
-809 59
-317 -495
-847 638
-223 27
497 98
814 312
737 765
-335 -77
750 -749
-591 610
-209 92
-369 113
257 -786
-746 -351
721 -130
427 -37
-719 41
-830 -454
-431 514
-984 246
463 168
-218 -159
-61 -132
-219 120
325 -709
939 496
871 868
-882 134
-713 -456
235 -47
335 548
198 29
-849 -198
922 -75
-52 -212
547 -160
229 -910
-975 -12
415 -669
-747 650
-908 -926
135 -195
435 33
184 279
-580 -821
647 -575
922 -563
-941 605
-353 -960
-277 72
-41 367
-686 676
422 897
-458 -849
-218 -549
25 600
-353 -869
-364 -831
584 -52
2 -930
-605 -109
-703 -425
57 -875
-83 109
684 689
57 -375
-940 746
-192 -183
574 -84
-314 -755
-968 659
-402 679
206 645
-8 -610
588 -797
-117 -699
829 858
858 -983
-267 310
785 -153
834 -792
113 -853
-748 375
-109 307
-247 -68
-679 8
327 -628
-483 -514
-837 -948
37 -880
800 -722
819 324
-597 69
-342 964
-749 -737
196 -704
395 36
-572 71
194 184
147 -108
502 598
485 232
92 153
-129 -209
-73 -433
-65 -510
717 256
-749 911
-371 7
777 493
701 -277
601 36
385 -626
-62 622
651 106
-738 -270
-61 -473
664 -452
-196 -198
323 822
144 -370
-688 -644
-984 39
-903 332
419 273
646 -512
757 -558
-975 -696
595 -563
406 -452
953 -689
201 917
552 -475
-576 -611
-885 -899
-426 333
298 -431
806 -98
830 520
-478 -756
-700 -224
820 -307
246 -44
551 577
-85 -643
-270 -333
117 -522
289 -74
712 7
-977 -933
844 23
-303 359
809 -404
168 -86
-207 181
-973 -680
-559 382
-23 782
94 -373
-274 168
165 -209
793 846
252 -889
287 440
-329 -455
-642 511
-44 151
-330 221
-190 -675
-542 24
372 225
-139 -704
-896 -936
984 750
690 129
-573 -32
-284 423
776 366
238 -842
-183 -61
765 -177
-378 -781
863 -916
261 535
-790 961
522 -916
-192 171
894 790
151 -920
251 -362
-364 -114
-855 -507
-321 -44
964 -872
-972 929
462 392
964 695
332 765
-114 -869
-439 653
212 344
976 -664
-970 947
571 306
124 -443
-84 885
554 56
-437 -394
-722 -390
-510 -28
-253 -918
-580 76
691 -443
-799 -890
249 289
-840 494
24 -468
-258 68
204 535
294 -545
953 -51
-987 -624
-397 98
566 -795
-952 820
-102 321
-139 -554
-204 527
339 378
-392 630
112 299
254 690
-594 -143
457 296
-15 -44
716 -516
530 -415
-644 895
-702 506
138 -530
921 -536
-189 -154
-116 -841
-973 -845
604 457
708 554
836 -921
509 232
511 921
339 142
871 95
-579 -263
-268 887
-891 326
-745 -641
-12 325
431 497
214 793
-67 889
-21 -622
-288 979
-845 -899
914 19
-644 453
229 -913
-796 -355
-656 137
-130 -719
-695 -378
-74 -661
829 833
-651 278
-563 687
349 -149
-321 701
-60 359
-531 -985
-149 -703
-772 -645
-712 815
-407 -743
-443 917
-973 450
-654 724
470 547
-329 -20
99 -455
396 -756
764 549
-9 655
980 553
-621 -255
939 241
811 -933
-129 -116
659 -594
-674 746
-643 608
-389 -848
-811 820
670 -5
-406 584
-840 -431
-617 -904
-496 548
53 420
385 687
-855 -802
-693 761
-904 -77
823 -983
854 -853
336 -449
921 -314
-944 -680
613 705
-637 842
-100 -596
-394 553
244 -498
578 -883
919 -253
-674 -68
-204 -154
592 -342
106 -688
70 -317
173 -678
-10 -442
-335 -867
123 714
194 -339
-117 638
-200 76
-490 -245
-855 -602
-926 -710
-975 -238
-970 250
-740 264
372 -842
821 -948
-66 -447
-434 285
-304 -768
-515 -975
-298 -407
771 -717
-672 736
-879 -828
860 851
69 -463
405 -524
-603 458
-372 647
768 -455
154 548
553 508
-784 340
20 134
-204 -105
812 -675
-712 -74
741 217
886 -77
-558 543
-311 -26
199 -338
-599 -102
-984 -733
364 -84
988 -72
-797 -544
513 167
-326 -711
468 724
-650 724
-884 -932
-156 -884
-981 -374
-893 462
94 -944
-770 30
780 -352
-449 90
-494 -676
-906 -968
617 -558
-700 969
750 243
-931 385
-596 -107
468 -421
745 254
-944 -48
-149 -18
208 -542
-453 899
-954 -491
511 -672
-442 880
-873 313
-910 981
750 902
597 516
-966 525
233 747
-542 -74
-705 415
-883 -426
-716 518
458 -77
965 809
-874 -485
-970 -376
777 706
473 266
-457 478
-821 -731
-345 -739
254 -510
627 -137
766 846
-74 -873
-130 -542
65 506
969 91
126 670
-100 206
-347 716
757 636
630 584
-79 -848
527 -35
179 225
578 -456
-346 465
454 -248
-638 962
-578 229
340 -21
318 -703
-694 -396
786 -542
513 174
465 624
-60 -209
461 163
355 -129
440 -68
-954 -249
-868 -281
-917 137
399 -811
984 690
-114 -236
665 -580
-329 523
272 -197
-422 -620
917 -470
299 470
-554 -123
87 768
984 588
-117 -420
-403 -425
395 -985
428 -754
-139 647
-313 888
-828 -321
-177 -758
-987 905
733 -332
751 -205
-132 -149
97 -481
224 -17
-755 570
-67 -742
635 295
156 374
-420 798
96 -535
644 -441
-899 -925
-919 210
-374 -330
6 -960
48 -817
305 -615
396 -147
7 -242
-797 869
456 -880
207 742
-673 -655
434 -496
171 686
-206 -83
-924 -938
-888 537
-580 -459
353 -108
-98 380
-182 349
-345 -323
-147 929
249 371
-452 -404
-815 -501
-475 767
767 -117
-848 115
495 610
-28 -41
-603 -950
-494 849
933 -596
-86 583
-778 429
896 658
-68 670
-166 -390
348 320
-284 920
877 508
525 154
-359 825
-384 608
262 -142
530 173
-388 -982
226 187
548 -617
-610 133
-720 -788
-347 -446
681 -27
736 178
-64 -354
513 702
-699 -312
-966 477
-808 557
-544 800
562 363
-894 70
-104 -938
-88 741
698 883
-215 524
808 777
795 935
337 -768
5 -705
876 -232
919 349
564 -580
-256 -544
126 -789
768 -4
6 386
340 -721
-629 -268
790 -827
50 230
-731 -225
864 -79
588 -155
829 59
903 -800
777 -119
323 -579
-527 718
-750 -620
428 -754
224 -61
911 480
731 -669
-607 -800
491 -213
-408 703
535 387
-923 578
-34 668
502 288
599 -683
301 184
308 356
199 749
291 564
852 -247
306 -640
-73 -828
-281 -554
-554 214
2 110
-907 270
-452 -838
-331 177
-322 951
60 359
-410 -316
-703 942
-255 766
580 359
-149 241
228 -627
-8 -364
309 664
-314 11
774 343
136 -69
51 279
-83 -681
-288 549
-114 243
-39 -5
-21 833
433 -253
-774 746
53 -332
-83 51
-78 322
852 659
681 706
-108 -174
-901 -143
-259 787
-860 -910
-148 798
-224 -218
507 736
-738 -775
-775 321
233 266
190 -812
-542 651
-647 266
412 -538
-753 -687
436 185
-920 140
-376 -174
-396 671
-958 766
-873 -782
589 442
-498 619
110 -476
-109 -423
291 753
610 12
-816 963
-704 813
-66 873
790 889
-925 -734
-267 955
922 757
-648 614
-267 374
-60 -8
-38 -611
-284 -322
133 739
470 206
-317 -813
-849 889
758 -202
582 -576
-460 -342
-43 730
-524 902
11 390
99 475
299 893
399 23
-967 170
592 963
989 -421
-452 58
426 -304
962 -422
935 -15
-86 475
282 -42
106 743
-728 -202
614 764
-335 757
-621 409
-961 6
-169 -984
-745 888
64 -317
-67 -326
582 -373
-322 956
810 -508
984 121
-724 -489
6 -386
885 152
-697 525
140 -390
-845 99
366 20
-102 -18
511 454
729 150
-515 -9
-908 -756
-844 524
-469 -986
-699 -788
740 -165
-899 -779
547 -735
-588 909
-555 -14
60 565
154 -1
902 -537
-144 -521
454 56
92 46
225 390
730 733
-766 -245
-405 -406
357 -283
287 988
661 -454
-618 -286
-276 -852
633 672
-198 14
185 -111
261 -858
-5 532
-754 788
-555 -781
-327 -734
-954 -433
-378 157
-344 -514
742 -493
666 838
-31 -174
284 -845
194 758
708 681
46 -741
-734 -8
-361 -612
-37 -397
-609 727
-245 -979
-587 306
276 626
-34 -354
339 -962
-284 -642
-386 447
-177 -192
616 571
61 -374
780 968
180 -597
866 -404
-987 -257
-973 940
289 -42
-187 942
511 -392
-263 469
518 -276
232 -188
-524 109
581 -536
-270 -12
175 730
653 306
-355 -204
-446 -205
-733 763
-633 -801
-158 -386
-231 427
762 226
-205 8
778 -360
-496 963
239 268
-641 -861
-180 -692
540 725
751 -141
208 -339
-52 -623
-508 -723
-716 99
597 594
-837 -778
-755 578
154 -328
-709 -309
53 -113
205 -388
-839 -384
-449 198
-231 -908
352 369
-424 723
372 -548
577 657
-345 -780
-301 739
702 -962
208 -280
-840 -928
-442 -666
-169 756
782 886
465 -436
963 -112
-89 963
-783 -11
167 919
812 242
-685 116
-842 367
-351 -725
228 285
-220 56
823 179
525 805
506 788
594 553
-600 -16
179 -578
-783 266
560 934
-50 668
-563 487
82 -817
-148 -873
-415 315
990 594
-617 896
260 -443
592 424
-781 -526
-23 -890
463 -166
767 -782
-281 205
680 -42
427 -907
739 946
303 -205
-794 586
-954 -612
543 -369
-572 -540
541 572
612 512
950 -73
168 -677
-106 946
-8 894
793 141
943 541
320 -432
-2 -8
-904 -261
-293 53
-117 -817
-401 768
690 -755
-3 -170
-611 -509
438 -111
-701 -443
332 814
-328 -444
616 753
581 -483
575 145
618 -487
902 934
-53 133
-286 468
-429 302
435 -334
-425 660
-786 -243
765 934
-176 310
644 726
-421 -762
-737 -580
-124 -400
286 154
-858 -275
261 336
-981 -933
-410 -813
297 -941
-148 -918
-111 227
302 543
-165 741
767 -641
-911 -710
-734 393
-50 -283
-617 398
-288 -583
-203 -563
223 528
-357 -304
-334 -762
47 -441
-454 896
949 815
-641 -144
692 823
-170 -683
-201 -196
-704 626
-555 -794
672 518
-160 434
418 869
-515 696
-66 399
567 725
-569 108
744 -791
-642 -661
-768 47
-223 601
117 70
191 45
587 436
298 126
-522 980
-557 -21
-611 91
-553 -114
680 363
525 171
-292 557
-18 -454
-794 846
532 -170
-160 -113
-249 -517
-687 -929
-355 -58
-903 -688
857 660
-666 -960
-160 -304
460 22
-586 -230
806 741
-28 -255
239 8
-325 -901
739 831
-498 -793
-209 -380
-201 -83
-377 -373
214 -42
937 254
-149 -220
-284 -24
-878 208
691 883
810 -45
373 -855
-834 894
-786 -273
-309 -525
-303 332
974 412
139 -450
-770 -643
294 765
134 256
335 -492
-916 -764
-919 -743
325 798
-10 -715
552 -5
35 622
366 -328
-442 -538
-658 -774
94 968
153 -773
-232 -86
-969 399
461 237
416 245
733 -204
-442 -580
649 -28
665 -552
359 464
713 344
372 243
-68 -322
913 -222
379 690
237 797
-889 -79
612 396
56 -728
-91 951
506 983
122 -602
834 -240
-78 -496
-894 324
275 49
-554 179
713 580
-709 203
60 -102
470 307
-799 981
-324 535
750 556
-238 -109
958 -55
-190 -47
343 -110
-483 -842
784 -515
204 -83
-234 267
956 571
839 -609
-954 344
121 -460
-2 -498
-686 570
-493 470
310 193
310 141
-660 -149
706 135
197 -394
648 -410
-595 682
494 782
691 750
-300 -574
337 -961
-21 -664
-874 -513
846 841
-701 -729
20 904
283 883
-849 -675
-559 -197
-827 -792
-198 -760
871 -542
-51 753
947 212
57 242
-764 -84
-264 -394
-692 784
240 763
-640 737
430 -744
-569 -665
14 -812
557 -705
647 -321
-62 -449
463 539
-933 137
-95 989
1 156
809 887
393 -220
-221 -376
208 -405
541 -405
-755 -187
829 -58
477 816
-789 171
-296 -347
-297 817
-652 -650
-799 -329
134 -100
-843 487
551 587
235 -703
785 -455
-213 -190
-889 -566
-54 -315
-898 -704
-249 -546
-572 487
965 967
140 -281
-812 -426
-756 -244
689 366
-609 359
-973 -651
766 626
618 299
-628 367
-674 957
-859 232
-676 -651
821 386
914 -539
933 -498
428 824
-153 956
-847 623
72 -128
814 -101
-547 368
495 961
-562 141
-420 -911
554 188
-41 331
-666 -494
781 -109
476 265
-569 535
-967 -908
598 699
631 133
681 -422
155 -488
-550 -379
-841 206
-618 -255
420 287
-582 619
922 528
176 475
670 -706
276 -196
149 511
20 419
-336 156
40 -903
-85 40
465 -817
381 46
-755 -408
913 -75
671 757
188 367
896 -901
-586 876
-228 660
855 578
-657 -686
608 254
-758 662
-574 924
14 119
-114 221
635 -464
767 -1
-42 -275
-931 -479
154 -605
-985 577
864 -353
-626 432
145 298
726 -209
821 -36
-620 -852
972 -878
-415 438
435 -513
-202 592
-960 701
926 -758
558 277
493 51
299 716
526 980
-369 962
-333 235
-456 -360
-142 353
652 -758
-912 529
782 298
-512 -671
-484 250
-948 -311
-980 17
-389 -308
523 681
-218 -46
885 -778
215 -449
-479 -232
515 565
-311 932
867 -76
-748 688
-355 714
-229 -849
-151 -982
-717 -417
354 981
42 -521
-131 -857
842 -494
-351 -648
734 -843
295 -654
-274 -734
33 116
-251 -524
76 -640
356 -187
827 -39
133 123
808 608
-715 -607
806 -340
-545 865
990 -386
-456 -106
-718 -603
-653 -327
571 -222
291 -397
-381 552
800 -847
200 942
747 -388
-362 860
-783 748
229 -833
154 542
259 886
-919 -119
580 589
-244 -667
-117 385
-31 982
-222 -37
-312 977
-364 -106
343 627
-936 -499
-479 -847
-576 -319
731 782
-102 772
-979 -622
898 466
789 750
-216 -916
-941 490
-968 176
-533 -244
227 898
-680 -752
434 899
728 856
714 949
623 -799
302 -927
-711 54
51 56
-255 -315
-453 727
332 138
787 696
-441 -130
465 -222
321 964
-657 -602
726 393
-322 867
90 390
785 -373
481 -848
793 277
-230 -38
934 974
466 -304
-829 -874
-304 -253
367 -215
57 106
605 266
278 269
361 -213
937 -889
146 416
-942 838
357 -556
308 279
306 -958
881 -499
771 -438
721 -75
519 65
294 -524
-658 450
468 528
485 -511
888 808
477 780
225 894
611 340
-719 372
-196 200
741 699
-82 560
150 49
-395 371
-82 -973
-130 -478
-71 857
849 702
785 -774
-441 362
-679 -961
-215 447
-78 224
194 -901
-331 -898
-187 570
356 717
150 748
386 681
568 416
216 -571
-559 780
733 -122
804 -44
575 -109
-242 88
705 -711
-510 617
477 -283
-347 -967
70 -636
-16 -892
-778 -407
-78 163
-736 -422
-605 -255
-517 431
-745 -414
-941 607
123 326
-445 -615
-219 -764
458 155
-400 -562
141 -719
-841 -492
-5 266
323 -968
-629 346
539 698
726 -710
206 252
-947 -159
504 -531
25 -78
175 920
-643 -690
261 -294
-89 543
-500 -44
828 -720
-333 -253
981 -756
-453 595
553 -445
-848 544
187 725
430 -369
-10 245
339 49
-356 -679
804 -855
31 -870
-880 952
-154 -803
-230 -307
856 -235
350 913
355 143
141 -724
487 -202
-840 -911
-459 -158
780 461
608 267
-525 -79
-968 -637
-833 -524
265 171
-377 -244
-563 301
893 -213
-189 82
-670 -67
-315 -251
-54 960
466 -902
504 -853
476 854
894 -626
708 -281
617 825
-960 613
-467 -590
109 428
212 683
-505 -36
141 -759
458 -545
-774 -4
-142 -24
-90 -129
289 161
289 790
-410 458
44 -590
-375 42
-847 424
583 -817
150 -37
-865 -300
-348 -201
806 466
-303 -423
-819 -370
-127 381
-711 816
-37 471
420 -429
50 -676
89 -486
-628 470
-887 -659
-103 -109
501 -666
-640 -828
-474 9
761 416
598 -909
202 278
297 134
418 838
-944 -679
169 -674
630 893
29 -896
-119 -369
-194 -376
589 -984
-898 441
235 -901
308 -309
626 -342
-982 -682
-158 208
663 -905
318 -580
-703 -456
-618 136
502 131
-483 -318
778 -758
-322 -591
942 353
-954 435
730 154
444 643
309 -443
-223 -935
286 -394
815 -786
330 383
716 -182
-368 216
-505 158
-759 300
-103 -321
-972 228
-5 -531
402 -107
662 601
872 651
23 711
-657 -63
-347 -441
587 -268
97 404
-563 -325
-21 763
-75 914
553 366
-328 844
636 -11
337 90
965 367
229 -128
-602 487
228 15
-19 -970
-797 31
-259 -603
-669 -701
-406 174
954 587
767 258
-285 -450
-960 829
-240 -895
-177 -412
51 -700
-82 538
-563 -297
150 153
-880 -821
-554 198
-270 -89
-526 586
-407 739
959 -678
696 392
58 -674
-978 868
989 61
-93 -100
739 936
663 -242
425 -529
728 -338
-243 -441
-970 -358
-133 -756
-173 956
598 287
-778 811
179 344
153 -562
-147 989
956 -758
-569 -238
-903 -829
227 381
670 -595
-424 125
-607 221
-213 -100
-562 -683
-207 -218
88 -17
-603 -251
-813 66
-831 743
953 -554
-879 663
315 -558
-493 472
452 -67
-56 575
427 -907
640 122
911 -296
-808 -801
-797 739
579 -127
-972 -823
280 777
-277 965
-215 618
183 632
359 53
-405 -901
-937 -611
-758 467
982 -296
612 154
542 -788
602 -146
-8 761
-336 -114
-456 -88
-793 -792
-542 626
-878 -641
-590 -857
195 -210
250 636
-10 -207
-467 652
94 608
317 -410
-247 -842
-707 -960
254 886
-494 -273
-721 -602
-600 788
-563 -720
-328 -267
-738 -721
410 -960
833 -251
760 -329
952 -421
343 -132
136 -278
945 -955
889 -506
-886 -247
655 -418
-554 -775
-8 45
387 6
856 410
523 -363
809 778
-322 -977
-793 770
164 -654
148 428
-183 872
-389 -60
577 423
969 -497
-628 438
-955 -559
-426 358
829 575
-120 -954
939 833
573 -459
616 -624
689 761
265 553
-407 245
-114 -56
-188 -759
219 -941
659 -628
134 473
65 -935
636 822
622 -144
597 -360
51 437
647 626
709 -749
403 -21
316 980
305 543
-38 211
-358 -4
-878 209
156 319
751 706
-239 -910
81 860
-31 332
951 -686
-615 971
-149 -368
-81 233
-686 -189
-236 278
292 -81
307 173
534 -210
85 477
983 -474
206 -281
608 -833
317 -973
-34 -692
935 478
330 -550
607 126
587 -717
201 548
798 -37
-134 -251
-755 319
13 486
-348 -751
-335 506
-848 -745
883 -132
-543 -230
860 915
-842 -955
172 -801
-355 424
53 942
-32 815
712 485
-821 -202
-664 -333
-236 325
961 -927
915 -666
-94 69
-576 315
-395 6
378 -686
759 185
387 524
-650 -875
-943 -456
-971 -638
-459 -957
611 -309
-845 822
-847 -722
537 -759
746 -683
933 -230
-939 250
-347 177
-923 976
317 -357
287 -608
-209 -20
-189 451
313 552
-15 -192
-146 710
-898 -232
-321 785
-930 -179
839 -522
935 874
-870 -236
-755 99
164 -908
226 876
-107 200
588 659
760 549
962 442
142 -460
-615 429
-908 710
804 -314
-970 -229
-438 -446
376 -722
385 766
280 444
511 -453
741 539
-480 -446
-520 -337
-616 -149
403 486
-510 861
760 427
362 -500
-983 951
-941 -917
-305 -355
-375 -103
142 -169
-719 127
-195 -678
155 -846
954 -546
-920 -280
-338 -843
-41 418
140 -133
-807 -566
-143 -680
-944 572
548 194
-512 -463
-321 -708
71 -794
115 -845
-158 777
900 966
-313 753
618 -975
-32 -874
820 -808
-859 372
155 -273
109 36
-289 553
490 -442
-120 -674
-703 124
-862 121
-272 -361
730 602
834 866
-351 -416
701 -31
632 576
173 878
680 -684
404 687
-924 761
121 632
682 -33
-933 723
-886 -215
-191 -130
349 918
-531 892
-108 448
385 -574
571 600
-325 725
-327 -615
141 789
-413 347
-828 864
29 272
-864 76
-330 -472
-74 51
381 -438
537 919
-394 -757
941 -912
136 942
564 76
-347 -362
640 -283
757 683
568 -837
959 -779
862 337
118 503
159 897
-585 582
-873 -263
519 716
-679 -279
-448 -360
696 -878
30 670
780 -673
-210 -973
-38 -530
-640 962
562 502
435 -47
-431 -421
-341 -666
939 246
-335 -559
324 69
-415 565
-855 -346
358 -800
418 494
-335 -286
-916 -685
528 660
632 -597
-124 981
-683 871
300 -219
-738 582
792 956
-639 682
629 -602
122 263
-149 -652
277 -373
-384 260
598 -600
480 -280
158 -21
316 -908
-715 315
829 586
875 547
557 -499
-301 242
418 146
-327 334
-98 -839
-815 -79
104 988
-693 -515
-417 -824
-18 698
976 -256
-85 161
207 935
-18 883
-58 252
-517 967
646 495
746 -275
368 500
-987 225
-977 443
698 92
-84 -431
-61 -702
958 627
265 267
484 725
271 -918
-709 382
300 791
491 -700
814 -121
427 -350
-43 -523
573 -672
-958 211
-425 188
162 -58
-518 285
100 451
-338 -903
-612 233
-614 246
-886 -115
427 -817
-629 -1
-86 421
-760 -944
714 33
302 -941
-633 -834
-447 -283
477 120
-874 -708
904 -165
-920 -986
-681 -301
412 -953
-685 -563
930 -238
201 949
-676 36
-803 584
2 366
985 567
506 698
699 552
226 -527
574 523
-54 737
814 -206
-676 370
952 873
-314 -720
930 -855
820 -34
444 -628
937 227
-77 -78
-56 307
-298 396
-786 -867
-901 -86
-920 61
766 -602
-685 -324
-930 631
-782 282
-891 -103
466 -149
519 212
320 -931
257 -351
810 209
632 -257
-309 -275
-639 767
-2 246
599 -89
960 -131
913 -305
708 -554
299 -577
96 -453
121 -983
315 -752
-98 -306
-37 -429
295 565
-918 -725
-795 180
767 200
520 350
301 -267
-954 291
806 -304
-8 185
-109 336
188 781
-546 -299
-401 906
266 506
818 -389
56 494
-916 445
651 -493
254 -930
341 -927
585 419
-627 145
317 -887
544 22
-245 -385
425 -389
137 -340
138 833
-234 -134
-258 -842
789 -390
624 133
-538 636
601 742
-67 257
-322 -226
-603 901
-56 90
-762 -299
626 537
-815 -186
929 -828
-453 -987
102 -700
445 964
191 353
381 -394
-888 -192
246 -255
-105 332
-806 668
-671 879
726 225
-102 -631
93 -800
-544 -878
922 -548
-530 567
-720 -322
730 717
636 -357
-482 -756
768 -106
150 533
-265 471
825 586
-91 434
-107 -895
124 -104
-974 -256
-376 -63
341 92
-492 -506
832 662
181 -756
316 -943
326 -264
646 413
-308 -737
-778 697
-112 448
158 -659
-584 -456
544 -230
147 646
805 -339
-321 -770
305 648
986 349
-12 -678
-475 892
289 158
-307 246
-48 -554
-858 718
-842 -498
584 575
330 158
306 -594
-119 959
666 -197
378 937
78 -882
-105 553
272 -397
-120 313
447 -263
530 -520
871 689
857 -646
-128 150
838 -864
-475 -418
457 -37
-253 -162
690 246
-452 -23
478 176
-86 953
-960 329
785 956
734 570
-365 838
-987 -815
564 465
892 -195
-401 350
-465 156
451 -650
33 387
-28 913
897 -522
-306 892
-837 -349
182 526
-591 896
439 -286
597 -820
-85 -45
-443 -705
85 830
-781 -651
-836 80
553 774
466 325
-10 730
632 -566
-954 274
586 671
-816 55
-399 -603
550 -861
588 -4
-757 -421
-859 464
-411 -861
-538 26
796 278
136 586
190 718
-65 243
-312 659
350 719
-704 -72
-685 -416
537 -793
-358 104
-595 656
179 409
-796 -561
631 -948
-459 -358
58 557
344 -44
151 872
94 -351
283 478
-601 937
-77 -911
-451 -544
-114 -312
-594 682
785 -121
152 572
-531 -783
358 300
-714 -86
280 266
-816 -360
-945 279
-232 -114
194 -394
412 556
-566 -375
-83 -841
588 696
-536 -833
-901 -410
-752 99
-245 -491
612 -207
-871 467
-132 -91
-749 -892
-898 -509
-688 943
-19 -247
-338 -590
280 877
585 444
-781 720
-59 -504
-15 212
371 -88
623 -223
154 762
-924 -355
947 -650
-338 -68
458 242
173 194
509 686
-147 989
790 -562
-283 -243
-973 756
325 538
-835 -309
23 -286
-174 -498
776 241
29 36
101 -792
-955 -579
599 563
-779 60
363 983
183 106
-855 948
184 -330
246 -892
487 920
471 574
-498 421
36 904
626 -547
-799 -137
-395 872
-253 -972
-321 -167
96 -980
361 -85
-290 -755
-226 -657
214 390
463 -122
585 6
-443 -763
-100 -669
-108 -35
-137 -615
926 319
-93 188
886 146
-331 -370
785 802
-508 18
-842 306
-160 -872
396 67
-841 18
317 -783
702 -764
-927 647
837 153
306 644
969 -706
-244 623
-331 -626
-637 3
-658 575
-984 447
244 -280
663 -747
-393 -67
877 -850
-104 554
797 981
-204 772
305 469
806 -152
-572 -89
-895 -345
145 334
448 348
-903 961
138 -562
-723 897
-489 -740
984 716
3 -960
418 -945
533 291
-421 -971
445 -43
146 -26
-591 952
-255 516
-595 -347
-347 896
-980 490
946 -675
-802 141
-658 187
319 -258
47 -646
865 -248
-744 -224
385 -670
244 141
47 118
-554 311
-666 -53
-392 133
-903 717
489 -874
-958 14
-504 457
-88 -793
-349 -405
-737 -312
-732 418
-764 -148
90 500
-177 809
-705 830
99 255
221 311
-559 382
549 887
-903 -407
-10 987
681 -417
964 -398
-250 -843
150 -531
-762 -449
-596 -904
780 632
-127 571
825 476
951 273
-975 -201
564 -131
884 -722
-203 75
-472 -55
-438 640
-83 957
-608 490
598 10
182 -596
698 -380
8 122
-987 423
33 883
336 -493
-811 355
-984 576
423 -433
-60 -415
-842 -88
252 -896
-381 337
806 -301
967 -429
-972 -759
-183 418
-950 -814
-609 -550
-769 739
742 746
-570 939
-254 298
-796 632
-360 902
540 237
-624 -88
-102 867
-502 70
857 -772
971 -431
273 -127
-569 959
-60 382
181 -923
-359 -218
-901 486
-244 846
-7 906
-774 761
93 -354
-351 52
913 -380
-681 -107
930 -177
900 615
-883 -34
247 -550
612 450
-43 -55
-118 -841
-401 582
-542 916
-382 -762
-536 713
-693 902
-896 470
-439 -593
987 -695
-615 89
-539 -840
415 988
693 -21
-411 -691
586 -633
-343 -474
378 -457
243 -671
-45 428
-187 357
205 -936
414 -173
-827 866
-890 -28
808 340
897 881
-945 323
-732 -347
-843 440
299 -589
-362 -721
337 372
-135 -594
845 -73
