0011101111001111011111001101111110111111101101011011101111101111111101101111011111110101101111111111
0000000000000000000000000000000000000000000000000000000000000000000000000000000000000000000010000010
1100110000110010100100111110000001101000011010100100011100111001000010110000100010001010110000000001
0000001111000100010010000001000110010101100100010011100011000110111001000101001101000001001100100100
1000000000000000000000010000000000000000000000000000000000000000000000000000000000000000010000000000
0000000000000000000000000000000000010000000000000000000000000000000000000000000000000001000100000000
0000000000000010000000000000000000001000000000000000001000100000000000100000000000000000000000000000
1111111111111111111111111111111111110111111111111111110111011111111111011111111111111111111111111111
0000100000000000000000001100000000000000000000000000000000000000000000000000000000000000000000000000
1110111111111110110110111111101111111101111111111111111111111111111011110111111111011011111101110101
1111111111111111111110111111101111111101111111111111111111111111111111110111111111111011111111111111
1111110000111011101101111110111001101010011010101100011100111001000110111010110010101110110011011011
0110000001110101111100011000010110001011001001100101010001110000010000111000001101010100110111111101
1111111111111111111110111111101111111101111111111111111111111111111111110111111111011011111101110101
0000001111000100010010000001101110010101100101010011100011000110111001000101011101010001001101110100
1110111111111111110110111111101111111101111111111111111111111111111111110111111111011011111101110101
1111111111111111111111111111111111111111111111111101111111111111111111111111111110111111111111111111
1111111111111111111111111111111111101111111111111111111111111111011111111111111111111110111011111111
0011101111001101011011001101111110110111100101011011100011001111111101001111011111110101101111111110
1111110000111011101101111110011001101010011010101100011100111001000110111010100010101110110011001011
1111110100111111111111111110111111101111111011101111011101111011011111111011111011111110111011111111
0000000000000000000000000000000000000000000000000000000000000000000000000000000000100000000010001010
1000000000000000000000010000000000000000000000000000000000000000000000000000000000001000010000000000
1110111111111111111110111111101111111101111111111111111111111111111111110111111111011011111101110101
0111111111111111011111101101111110111111111111011111111111111111111111111111111111110111101111111111
0000000100000000000000000000000000000100100000000000000000000010011001000000001000000000000000100100
1111111111111111111110111111101111111111111111111111111111111111111111110111111111111111111111111111
0111101111111111011111101101111110111111111111011111101111111111111111111111111111110101101111111111
1000000000000000100000010010000001000000000000100000010000000000000000000000000000001000010000000000
0000000000000000000000000000000000010000000000000000000000000000000000000000000000000000000100000000
0000000100000000000000000000000000000100000000000000000000000010011001000000000000000000000000100100
1000010000000000100000110010000001000000000010100100010000010000000000010000000000001010010000000000
1111110110111111111111111110111111101111111011101111011101111011011111111011111011111110111011111111
0000000000000000000100000000000000000000000000000000000000000000000000000000000000000000000000000001
0011101111001101011011001101111110110111100101011011100011001111111101001111011111110101001111111110
0011101111001101011111001101111110110111100101011011100111001111111101001111011111110101101111111111
1000010000000000100000110010000001000000000010100100010000010000000000010000100000001010010000000000
1110110000111010100100111110000001101000011010100100011100111001000010110000100010001010110000000001
1111110110111111111111111110111111101111111011101111011101111011011111111111111111111110111011111111
0000100000000000000000001100000000000000000000000000000000001001000000000000000010000000000000000000
1000010000000000100000110010000001000000010010100100010000010000000000010000100000001010010000000000
1100010000110010100000110010000001001000011010100100011100110000000010110000100000001010010000000000
1111111111111011101111111111111001111110111111111111111110111111111111111111111111111111111111111111
1111110000111011101101111110011001101010011010101100011100111001000110111010100010101110110011011011
1111111111111111011111111101111111111111111111111111111111111111111111111111111111111111111111111111
1111111111111111111111111110111111101111111111101111111111111111011111111111111111111110111011111111
1111110110111111111111111110111111101111111011101111111101111011011111111111111111111110111011111111
1111111111111111111111111110111111101111111111101111111101111111011111111111111111111110111011111111
0000100000000000000000001100000000000000000000000000000000000001000000000000000010000000000000000000
1111111111111111111111111111111111110111111111111111111111011111111111111111111111111111111111111111
0011101111001111011111001101111110111111100101011011101111101111111101101111011111110101101111111111
1111111011111111111111111111111111111011111111111111111111111101100111111111111111111111111111011111
1111111011111111111111111111111111111011111111111111111111111101100110111111111111111111111111011111
0000100000000000000000000100000000000000000000000000000000000000000000000000000000000000000000000000
0111101111001111011111001101111110111111101101011011101111101111111101101111011111110101101111111111
1111111111111011111111111111111001111111111111111111111111111111111111111111111111111111111111111111
1111110000111011101101111110111001101010011010101100011100111001000110111010100010101110110011011011
0000100000000000000000001100000000000000000000000000000000000001000000000000000000000000000000000000
1000010000000000100000110010000001000000010010100100010000010000000010010000100000001010010000000000
1110111111111110110110111111101111111101111111111111111111111111111111110111111111011011111101110101
1111111111111011101111111111111001111110111111111111111110111111111111111110111111111111111111111111
0000000000000000000000000000000000000100000000000000000000000010010000000000000000000000000000000000
0000000000000000000001000000010000000000000000000000000000000000000000001000000000000100000000000000
1111111111111111111111111111111111101111111111101111111111111111011111111111111111111110111011111111
1111111110111111111111111110111111101111111111101111111101111011011111111111111111111110111011111111
1111111111111111111110111111111111111111111111111111111111111111111111110111111111111111111111111111
0000000000000000000000100000000000000000000010000100000000010000000000000000000000000000000000000000
0000001111000000000010000001000000010100100100010001100010000110111001000100001100000001001100100100
0000000000000000000000100000000000000000000010000000000000000000000000000000000000000000000000000000
0000001111000000000010000001000000010100100100010011100010000110111001000100001101000001001100100100
0000001011000000000000000001000000010000000100010000100010000100100000000100000100000001001100000000
0000000001000000000000000000000000000000000000000000000000000100000000000000000000000000000000000000
1111110110111111111111111110111111101111111111101111111101111011011111111111111111111110111011111111
0111101111011111011111001101111110111111101101011011101111101111111101101111011111110101101111111111
1111111111111111111111111111111111111111111111111111111111111111111111111111111111011111111111110111
0000000000000000000000000000000000000100000000000000000000000010011000000000000000000000000000100000
1111111111111111111101111111111111111111111111111110111111111111111111111111111111111111111111111111
0000000000000000000000000000000000000000000000001000000000000000000000000010000000000000000000000000
0000000000000000000000100000000000000000000010000100000000010000000000010000000000000000000000000000
1111110000111011101101111110010001101010011010101100011100111001000110111010100010101110110011001011
1111111011111111111101111111111111111011011111111110111111111101100110111111110111111111111111011011
0000000000000000000000000000000000001000000000000000000000100000000000100000000000000000000000000000
0000001111000100010010000001000110010101100101010011100011000110111001000101001101000001001100100100
1111111111111111111111111111111111111011111111111111111111111101100111111111111111111111111111111111
1111111111111011101111111111111001111110111111111111111111111111111111111111111111111111111111111111
1111111111111111011111111101111110111111111111111111111111111111111111111111111111111111111111111111
1111111111111111111111111111111111111111111111111011111111101111111111111111111111111111111111111111
1111111111111111111111111111111111111111011111111111111111111111111111111111110111111111111111111111
0000001001000000000000000001000000010000000100010000100010000100100000000000000100000001000100000000
0011101111001101011011001101111110010111100101011011100011001111111101001111011111110101001111111110
1000000000000000100000010010000001000000000000100000010000000000000000000000000000001010010000000000
0000000000000100000000000000000110000001000000000000000000000000000000000000000000000000000000000000
0000001111000100010010000001101110010101100101011011100011000110111001000111011101010001001101110100
1111111111111111111111111111111001111111111111111111111111111111111111111111111111111111111111111111
1111111111111111111111101111111111111111111111111111111111111111111111111111111111111111101111111111
0000000000000000000000000000000000000000000000000000000000000010010000000000000000000000000000000000
0010000000001000000000000000000000000000000000000000000000000000000000000000000000000000000000000000
0000000000000000100000000010000001000000000000100000000000000000000000000000000000000000000000000000
