1

842 872
447 156
721 773
8 269
518 232
74 106
47 35
6 598
664 558
610 455
448 720
282 452
75 78
494 344
102 655
444 94
348 69
785 66
430 798
175 464
739 609
475 9
348 244
251 516
585 556
97 605
313 648
504 704
635 801
213 730
288 346
166 612
308 88
644 47
732 319
141 295
295 317
466 491
100 224
445 486
351 617
285 126
713 40
462 254
90 95
12 50
742 674
339 259
160 639
99 700
354 337
422 275
78 337
448 512
453 170
456 519
598 77
215 707
413 556
203 756
378 647
428 202
241 432
338 161
335 751
376 63
134 211
790 115
522 30
157 146
19 592
431 835
7 1
162 468
757 243
136 456
397 532
564 292
263 532
397 385
191 482
58 119
484 293
378 67
161 433
56 89
152 238
611 124
128 533
232 720
229 514
109 436
374 323
295 213
278 375
122 737
582 486
349 31
265 137
758 686
614 11
567 245
398 367
75 394
402 223
657 176
776 260
667 220
842 265
139 423
251 697
230 584
657 420
120 49
414 301
269 4
832 760
837 498
520 531
313 97
62 581
334 675
738 750
244 283
787 117
426 655
308 172
128 346
418 735
129 352
673 752
59 835
181 393
354 643
207 231
512 521
448 254
558 265
236 508
712 229
112 583
97 671
175 827
239 108
227 487
362 294
293 173
89 621
503 596
537 52
121 53
326 175
79 209
792 519
700 784
20 85
796 744
512 531
264 84
70 106
112 374
517 404
731 261
107 187
239 626
842 375
376 519
840 634
321 191
841 730
396 66
541 296
290 626
736 161
326 703
417 753
141 752
278 452
593 339
146 531
486 184
612 738
522 648
692 119
686 714
667 276
481 818
208 835
427 483
181 350
726 489
766 210
686 662
32 533
310 440
486 508
650 581
79 159
110 652
511 56
143 14
625 571
28 57
263 503
342 629
20 730
674 179
683 424
632 432
155 627
545 463
325 206
446 528
620 331
687 835
54 395
763 770
21 562
759 185
823 659
595 434
381 605
115 294
460 352
312 753
600 48
670 567
561 575
404 773
128 784
54 678
828 589
640 259
262 175
362 265
183 208
108 773
518 669
404 460
356 389
417 77
40 659
503 425
168 777
5 409
152 579
6 760
561 58
602 560
104 453
23 662
381 784
163 303
620 783
745 27
607 424
630 278
398 551
783 650
134 30
612 333
563 665
357 155
453 257
797 805
263 803
439 510
38 679
262 93
591 313
668 471
547 52
687 479
729 589
660 134
801 700
568 108
14 471
741 509
494 534
129 149
393 35
144 554
278 566
602 343
230 577
362 751
355 210
755 777
564 457
726 828
105 833
524 525
145 765
271 414
704 108
230 244
710 674
104 765
288 650
145 279
13 318
835 819
724 77
51 648
292 423
109 659
199 47
370 25
475 149
440 433
106 528
600 821
151 532
59 657
724 761
157 580
235 35
607 74
116 784
283 150
253 114
290 252
268 379
533 347
631 546
69 627
646 323
555 282
518 162
462 687
225 141
820 517
414 377
55 121
283 736
533 303
263 352
320 468
824 91
593 491
310 773
359 73
501 574
612 218
441 302
346 784
38 283
112 184
191 576
73 217
541 795
628 525
264 48
282 347
446 352
273 85
408 806
75 86
133 243
62 636
189 535
308 486
38 187
48 626
313 535
343 126
73 757
429 259
500 213
190 756
238 38
578 55
87 418
824 769
138 800
87 690
81 677
832 544
619 28
378 325
631 489
831 556
760 750
309 516
8 411
131 305
824 148
23 189
811 302
839 385
148 373
527 323
684 172
500 331
593 417
377 333
507 650
332 433
381 3
74 412
405 312
736 662
69 496
106 298
449 570
66 552
38 703
6 596
261 468
87 673
381 537
790 522
665 457
510 603
408 777
228 444
804 454
782 357
828 752
807 646
40 223
262 692
739 764
147 13
549 298
743 310
376 100
749 22
567 51
227 665
782 607
552 609
417 560
181 194
72 534
283 621
693 502
102 502
15 335
83 661
822 685
632 830
456 565
632 592
192 267
567 119
2 823
583 213
357 826
432 234
267 14
732 218
392 133
769 223
64 641
645 202
553 385
188 299
499 176
303 513
772 525
800 313
364 164
356 735
101 61
489 428
641 63
657 133
240 427
554 158
215 592
608 335
203 710
788 212
832 237
309 756
271 65
319 394
66 685
259 829
65 810
206 412
158 120
439 722
590 331
792 755
455 117
59 302
281 452
396 461
527 789
220 374
67 347
166 675
673 276
784 601
100 671
148 241
324 224
144 177
124 639
101 679
38 8
317 243
782 595
18 370
396 307
90 322
774 379
810 91
219 318
724 258
105 536
660 448
43 563
633 746
177 741
500 439
127 29
95 328
729 420
208 799
175 217
271 116
647 187
788 609
820 410
601 231
613 622
654 460
478 703
656 58
268 176
569 85
6 208
151 338
73 327
270 498
177 646
392 801
118 780
478 610
145 385
823 533
46 495
61 301
288 73
634 367
770 119
611 401
477 93
593 570
198 614
628 181
264 171
227 139
408 334
806 450
613 410
699 638
6 380
494 675
351 419
336 44
808 154
336 428
144 784
767 297
411 399
38 192
276 669
377 717
477 265
209 781
768 643
407 756
431 470
785 283
81 838
320 297
600 334
795 111
136 235
262 10
134 529
617 533
548 737
41 409
732 773
308 471
131 438
427 292
771 323
171 212
27 702
289 839
10 170
306 227
733 719
782 361
105 140
706 732
434 525
527 173
22 503
358 134
833 30
478 430
520 437
34 589
429 752
699 163
771 648
190 753
146 97
494 137
545 717
475 566
507 24
137 827
306 281
371 26
631 61
445 96
139 393
98 556
180 210
78 35
713 485
180 15
785 241
209 402
278 217
198 370
160 186
667 568
398 100
841 419
446 776
12 726
630 103
625 637
6 549
216 742
163 738
383 445
130 560
205 513
831 495
272 476
586 88
542 223
640 319
359 491
472 587
166 126
627 520
539 442
376 626
404 24
732 279
542 471
49 468
290 10
745 458
271 459
201 280
275 513
80 717
797 86
475 663
576 603
242 182
461 97
256 755
245 617
384 581
389 85
335 626
353 327
144 57
435 458
825 419
194 420
364 643
484 509
387 367
269 164
140 377
47 605
101 544
825 367
141 318
796 423
58 748
619 422
211 835
55 4
523 775
766 308
253 35
678 736
67 537
410 575
463 690
455 192
135 153
431 556
509 721
402 749
781 279
56 765
469 283
240 649
160 243
215 599
416 305
168 424
101 26
79 807
384 375
610 154
611 280
579 207
146 194
19 432
414 596
541 372
459 777
549 440
10 52
43 757
697 386
593 525
309 24
363 299
191 700
590 230
488 163
360 760
787 486
397 411
140 172
136 148
263 805
260 715
579 764
651 658
807 159
28 722
686 318
359 492
593 171
262 743
391 720
168 338
168 98
833 655
166 381
745 334
448 223
821 101
290 287
155 371
477 140
747 581
580 779
630 31
351 270
238 380
632 499
472 551
769 277
657 714
715 319
742 480
519 338
795 717
146 534
656 825
348 135
767 545
136 505
397 343
688 490
442 161
320 679
763 48
570 222
597 650
251 415
816 394
42 369
336 486
348 553
69 659
320 10
694 128
634 189
307 200
817 834
485 452
12 284
653 802
527 386
545 560
131 129
96 685
488 115
368 343
524 758
530 208
507 106
234 750
524 427
518 188
69 737
441 80
242 330
487 659
834 6
404 281
647 303
776 791
578 80
552 373
242 292
285 310
21 649
790 690
358 56
413 120
345 277
504 310
15 417
104 741
324 490
607 581
262 479
439 387
563 547
422 785
417 737
724 762
691 658
87 221
45 237
23 394
376 828
12 506
739 458
131 413
533 765
287 546
745 178
131 465
91 828
124 635
718 426
131 195
725 769
462 345
32 696
343 552
633 345
235 576
380 431
362 372
666 778
466 638
75 326
152 372
