1

927 1985
859 116
134 813
255 658
169 552
907 23
46 705
564 28
506 683
867 568
926 384
826 28
147 581
923 36
812 49
470 288
528 416
39 309
848 741
912 765
556 350
631 481
834 206
514 752
452 231
495 581
117 448
150 49
153 262
582 537
589 371
493 564
460 246
6 101
145 413
622 397
726 118
648 633
245 512
638 404
359 109
68 190
24 568
498 809
281 821
842 232
379 574
495 770
156 643
123 45
125 759
275 397
683 207
222 918
289 57
878 851
519 909
261 632
31 760
202 150
295 706
340 693
303 547
583 753
805 82
463 297
696 533
457 397
755 242
4 572
891 620
14 38
549 46
533 287
494 245
872 893
647 822
725 519
64 605
212 347
679 481
790 187
316 604
133 461
318 54
428 357
431 168
437 209
278 309
924 383
396 794
21 643
408 131
709 219
327 663
736 87
371 60
583 614
819 369
274 381
410 400
327 622
310 856
168 492
387 522
490 853
872 420
766 15
552 854
240 195
540 515
613 526
710 109
141 745
736 867
201 51
809 332
54 165
516 922
43 180
392 508
634 871
729 291
712 165
842 808
661 687
702 911
22 216
778 589
853 893
16 481
252 514
93 696
479 862
668 12
599 754
548 348
770 604
750 676
20 4
135 142
228 316
498 550
764 227
622 290
861 741
164 619
655 319
555 52
295 671
95 194
405 427
743 907
235 624
108 642
166 427
499 132
209 190
727 617
551 842
898 728
653 12
854 194
259 863
733 382
753 608
99 191
491 780
114 471
298 30
175 227
215 477
376 353
372 168
237 865
690 187
431 705
710 643
341 639
914 563
143 871
203 501
115 512
891 832
713 388
93 73
479 527
795 134
198 630
661 167
827 220
633 874
705 181
9 256
48 362
197 497
56 869
252 550
364 40
43 491
692 158
610 364
763 500
434 13
515 780
295 166
5 594
121 71
817 418
415 311
434 553
21 7
153 892
906 307
737 910
369 436
148 734
748 752
735 65
582 331
592 27
377 636
575 633
757 590
915 489
849 828
332 160
21 886
319 495
178 400
779 614
85 345
536 219
740 592
449 102
363 536
442 79
133 196
548 580
254 279
147 165
501 752
693 519
825 477
37 452
304 808
512 172
509 855
355 593
483 612
764 23
553 609
192 647
359 549
786 233
398 366
747 324
241 315
792 181
635 528
57 633
728 530
106 785
155 43
139 309
468 613
237 533
220 850
125 387
378 771
344 346
687 46
269 310
383 562
521 783
23 182
672 716
751 263
58 260
748 724
607 549
839 750
596 864
464 182
689 291
624 782
715 441
91 572
522 734
542 527
509 469
58 424
166 578
460 478
903 202
391 299
585 441
125 80
738 342
279 406
240 788
29 874
321 849
565 3
441 693
687 528
450 76
802 592
751 665
240 329
369 171
612 241
669 918
446 842
379 644
823 396
806 588
336 689
666 246
485 870
344 70
273 62
580 222
61 652
172 555
699 730
703 178
14 173
217 410
661 650
295 554
498 127
337 827
283 220
49 132
489 77
585 72
403 49
364 430
277 481
117 892
812 889
836 528
396 574
53 619
827 831
277 338
113 555
185 166
166 862
696 534
788 561
722 867
248 263
124 599
116 262
616 369
220 926
408 486
870 447
621 145
803 370
678 791
273 185
845 318
355 14
400 892
747 138
767 264
331 9
890 863
836 844
394 308
624 724
624 153
916 401
535 543
433 59
688 272
619 587
711 556
608 18
113 290
335 210
35 635
700 448
122 790
69 344
414 811
324 890
186 775
729 829
487 533
40 481
367 894
106 878
694 168
225 148
31 178
515 810
24 644
337 918
159 360
326 176
509 752
440 489
518 745
482 425
82 610
466 888
249 632
712 864
910 71
592 352
403 515
856 277
252 453
861 540
204 32
188 490
887 253
383 582
294 466
842 705
670 428
548 102
270 453
825 914
258 756
149 456
25 602
634 104
279 686
723 606
175 306
549 193
793 695
599 49
183 521
310 179
144 460
878 540
918 248
461 835
887 107
796 732
721 26
304 460
68 202
895 573
769 249
475 216
408 15
54 98
3 405
922 429
778 406
840 460
877 622
342 204
65 614
878 349
238 75
190 302
829 408
80 52
409 136
601 630
583 905
693 14
274 140
826 417
24 38
300 729
890 524
239 244
487 133
344 173
883 832
884 559
632 298
443 214
27 381
102 105
188 476
323 876
895 594
235 69
701 501
542 10
745 151
516 832
695 202
414 552
401 820
353 329
122 317
109 908
633 276
567 238
696 440
679 657
149 646
761 150
264 858
818 554
678 6
221 681
393 752
185 411
250 516
877 787
718 825
119 517
561 712
684 869
187 711
579 806
671 259
821 877
309 659
844 386
791 645
46 249
912 247
805 884
850 565
533 564
875 314
51 473
767 706
386 590
134 211
372 388
728 354
504 183
817 701
394 915
789 457
98 25
169 421
7 662
834 75
383 772
112 308
43 724
599 115
678 205
397 472
290 703
418 488
498 826
156 769
695 198
898 612
900 384
226 221
64 341
235 578
240 348
845 166
611 905
635 165
12 681
896 439
590 785
603 77
805 468
431 150
215 752
587 382
653 529
651 925
1 570
417 103
593 804
480 412
298 383
541 540
194 30
558 767
735 858
596 906
595 130
726 285
502 102
109 651
493 86
772 42
59 154
555 665
5 202
388 198
315 878
393 789
76 388
24 674
134 44
186 818
891 739
767 284
822 660
573 51
756 15
833 148
502 121
626 216
385 439
540 21
79 395
305 620
530 95
199 784
536 831
234 8
747 738
786 750
490 578
475 807
129 164
283 223
726 97
267 76
160 386
71 419
89 576
257 368
759 450
234 97
810 60
666 146
230 871
798 64
596 604
855 347
747 434
243 550
858 476
625 341
517 154
693 186
580 404
119 56
583 212
342 340
518 171
631 157
908 664
159 184
204 476
461 629
283 641
286 53
380 816
537 25
24 452
379 837
128 34
832 561
264 119
467 135
34 491
623 385
681 93
174 585
197 419
509 497
48 695
13 699
185 606
761 867
117 306
888 848
835 687
515 81
180 3
5 627
446 927
548 565
63 637
693 726
758 648
905 799
564 805
456 685
838 785
443 686
246 81
608 875
129 873
477 105
362 926
17 166
438 91
4 111
919 93
820 457
616 803
592 406
733 863
58 867
789 93
207 843
500 105
514 558
159 768
216 293
806 515
330 789
539 900
314 401
869 97
299 530
29 122
912 711
514 368
678 18
316 380
100 49
617 361
910 859
106 856
165 465
478 199
310 209
246 766
782 330
144 452
368 899
919 904
77 688
779 225
258 179
198 81
743 144
607 650
539 507
63 39
909 153
919 878
612 460
633 65
380 851
882 429
61 126
712 703
304 98
234 47
531 386
398 90
398 911
785 243
125 882
718 691
739 746
209 319
376 735
640 580
500 521
771 516
26 24
245 404
377 926
13 867
404 925
189 503
672 452
525 926
819 714
677 514
42 869
425 129
781 163
865 659
925 816
17 89
754 95
594 926
704 599
381 253
781 716
415 850
637 851
667 643
687 742
670 63
599 314
106 922
840 369
312 223
720 300
760 40
319 489
246 899
550 245
457 221
771 626
428 732
125 221
860 178
181 820
303 165
577 58
784 65
587 887
228 139
637 859
369 673
506 81
572 89
866 890
152 201
482 198
320 149
252 503
52 724
612 570
80 757
135 767
563 192
531 414
401 242
224 21
719 631
912 343
385 188
463 48
285 561
523 406
44 909
4 587
827 735
21 498
187 35
639 124
112 610
593 351
893 782
31 3
734 13
882 887
248 348
84 536
273 767
473 717
596 188
25 276
422 28
823 350
646 331
735 820
496 174
153 489
532 561
35 679
806 349
402 773
240 872
204 441
178 873
35 263
817 284
303 436
268 135
804 81
697 556
800 894
138 637
710 346
328 249
770 496
404 761
222 128
528 776
545 174
330 225
349 478
387 817
484 896
565 558
68 711
150 624
79 394
851 485
672 587
123 468
38 186
97 769
538 884
812 597
62 12
872 248
285 392
110 690
185 601
812 415
405 543
631 153
698 793
883 680
791 101
39 554
364 738
304 894
769 741
240 411
420 505
205 637
576 127
868 21
631 539
544 675
639 481
855 676
699 814
461 239
45 37
436 220
864 293
884 36
60 121
336 530
906 642
125 819
787 666
762 254
711 561
530 63
75 557
585 170
79 45
590 816
566 68
84 853
486 97
73 535
274 199
369 195
851 919
368 44
86 767
659 72
328 238
314 532
43 200
321 580
909 518
911 806
326 664
371 1
540 441
907 45
693 80
658 607
36 770
410 367
480 630
725 367
564 163
434 526
384 844
288 642
550 165
64 505
161 562
638 620
548 423
198 210
148 835
138 837
631 725
179 142
95 32
872 430
838 584
508 285
453 38
409 187
248 141
912 46
768 360
462 793
812 673
285 831
268 598
124 435
721 553
464 792
848 868
425 648
325 532
470 108
776 421
104 78
729 16
86 407
110 894
182 411
845 772
225 164
140 794
126 418
402 826
495 747
59 593
353 713
797 451
526 643
201 90
208 585
207 478
718 601
6 146
447 858
664 311
333 105
101 29
746 777
600 660
654 572
663 139
276 255
544 332
547 201
838 924
150 711
222 263
660 513
572 182
898 833
171 129
12 29
401 817
463 249
677 83
831 10
67 708
752 785
567 350
715 369
20 854
194 528
667 569
696 237
590 276
538 333
185 883
279 917
598 327
256 48
415 852
470 860
349 187
533 106
445 221
191 425
159 560
270 24
274 423
426 161
601 725
913 260
432 298
482 638
838 885
127 269
115 503
832 355
745 537
731 372
841 577
309 608
383 691
691 815
394 379
220 460
332 163
349 859
475 38
93 747
117 772
902 866
617 324
201 94
838 250
569 630
257 738
700 690
130 221
573 359
442 219
557 696
48 387
139 137
876 19
474 101
133 886
338 853
874 636
622 913
399 536
642 540
331 543
127 191
345 353
163 294
57 149
494 759
614 14
674 796
19 81
628 289
334 428
561 694
872 703
620 496
545 343
305 235
289 1
455 542
298 282
780 66
886 731
171 287
908 550
334 920
289 371
47 595
245 851
654 177
514 540
169 297
115 459
711 266
365 330
427 785
216 294
892 835
869 256
458 139
362 60
384 438
789 591
573 829
371 262
64 787
612 245
618 156
428 419
156 568
855 485
875 775
487 46
112 745
596 916
527 157
399 83
402 917
798 783
654 16
214 875
86 156
199 151
348 229
649 513
641 324
793 1
151 666
243 429
280 27
171 201
323 520
785 483
660 198
348 512
232 131
72 706
362 375
533 871
379 358
312 831
500 854
138 778
509 341
700 757
40 414
152 855
245 331
119 140
305 497
656 264
246 250
506 906
286 278
490 879
53 351
715 93
501 818
453 400
45 198
845 724
499 159
278 445
540 815
870 248
764 461
503 155
287 575
386 102
79 791
697 186
837 291
883 157
920 145
583 755
216 24
57 744
556 681
924 133
853 911
693 277
489 751
244 394
542 593
429 754
254 338
825 425
170 286
923 315
231 443
430 658
804 593
110 877
919 693
332 113
650 257
27 485
125 550
419 620
171 511
926 680
90 648
43 57
212 848
807 710
336 834
221 430
138 405
451 531
140 587
895 921
774 709
848 908
451 81
502 205
771 607
308 449
551 841
791 613
52 531
63 612
431 575
803 53
716 164
810 762
514 701
681 367
720 105
393 810
748 543
267 833
367 261
544 897
706 656
449 707
735 176
386 513
611 712
480 907
687 701
673 681
697 828
720 652
460 481
374 123
124 823
140 44
35 651
521 857
364 760
148 551
171 910
172 170
768 278
348 753
611 173
370 239
216 761
268 402
236 286
811 146
424 917
647 242
619 116
124 846
547 38
769 27
193 300
217 605
605 639
24 739
814 277
249 117
241 712
95 584
900 710
351 169
686 260
784 380
131 349
116 370
812 828
582 452
433 40
554 135
596 833
852 683
214 818
786 873
109 62
443 829
778 72
624 536
764 817
505 484
70 683
90 285
457 73
86 321
70 826
641 414
491 275
436 432
777 129
334 229
706 466
891 850
172 625
287 227
455 848
411 322
233 332
343 868
696 467
18 835
645 43
483 459
840 702
897 553
697 308
814 150
375 659
47 246
896 751
292 436
679 461
154 542
28 193
397 880
822 540
772 192
479 61
120 573
358 28
914 826
94 843
757 362
427 88
391 784
21 229
842 424
211 241
209 288
710 739
749 572
127 701
661 400
188 876
626 629
364 731
76 39
220 742
815 572
693 874
471 411
521 588
868 797
190 353
121 401
374 813
141 580
861 874
253 92
153 398
64 639
509 550
538 795
248 529
818 677
835 705
72 788
493 423
544 189
289 629
775 877
512 27
416 293
658 860
280 927
627 664
157 892
924 481
343 13
782 54
640 173
570 607
383 27
171 214
208 756
283 265
913 335
308 876
312 818
24 380
155 601
488 692
491 500
221 724
355 910
197 229
110 830
827 751
503 143
621 488
271 261
754 203
204 291
793 919
371 754
735 171
16 840
350 604
921 384
867 915
526 579
49 22
380 211
20 724
97 918
132 294
729 89
802 362
381 759
607 88
420 182
811 821
281 3
182 205
522 716
372 235
907 826
292 532
404 625
22 160
525 706
548 293
786 88
917 701
921 711
706 201
651 901
503 157
363 502
714 398
829 834
494 576
460 368
658 832
130 572
405 289
5 364
816 157
26 558
107 532
678 77
55 364
28 306
783 386
450 288
482 288
815 486
563 44
642 177
359 433
396 791
73 339
721 623
121 266
208 720
246 440
194 850
927 622
730 14
650 692
836 514
35 293
863 806
155 879
247 72
568 366
592 79
669 410
500 910
47 849
202 103
205 772
677 123
342 477
753 45
679 840
459 275
800 693
711 108
290 62
534 846
334 897
443 81
725 645
253 719
508 569
661 569
111 502
95 226
646 464
913 404
713 631
47 749
511 248
538 452
136 59
768 251
560 739
837 217
195 709
594 11
281 797
468 86
241 843
661 578
850 816
373 740
782 238
767 291
401 784
217 451
151 773
425 654
479 834
53 266
321 288
755 585
207 387
248 5
323 725
362 440
822 681
714 494
515 796
342 824
309 118
748 395
622 867
553 312
293 125
591 753
682 863
653 152
457 525
841 136
477 865
61 626
585 179
386 614
224 117
389 422
840 37
57 14
114 233
84 494
47 218
806 392
897 551
549 320
754 501
185 291
60 198
172 341
605 41
75 508
687 733
254 649
825 348
613 709
62 341
456 265
199 563
577 743
210 776
738 863
795 559
90 709
698 900
76 509
888 490
190 333
195 473
877 56
844 391
441 262
776 777
672 874
620 624
696 246
185 777
379 920
529 704
205 867
41 80
313 795
560 533
614 344
161 225
676 512
881 530
334 467
486 190
159 236
828 467
888 328
24 353
793 405
443 361
884 874
866 19
795 243
603 881
592 563
773 680
426 383
580 906
640 217
198 604
94 413
665 314
798 836
195 455
625 671
571 566
844 229
496 720
482 927
780 871
531 197
499 781
407 717
925 26
375 71
34 240
573 382
54 358
793 502
850 769
598 473
661 839
729 286
712 226
289 23
9 258
320 368
447 343
768 894
806 794
880 754
458 194
604 677
741 319
103 123
203 282
544 190
821 211
577 722
916 12
354 32
685 697
856 239
520 111
153 744
667 169
867 868
145 619
87 336
472 50
457 245
8 810
903 89
799 758
216 450
331 294
577 2
286 878
639 324
96 113
255 641
383 491
97 547
117 885
28 183
363 733
198 355
435 610
645 288
478 243
778 374
662 557
807 524
207 320
469 581
129 509
294 560
522 390
547 726
186 674
282 926
209 726
56 138
608 439
868 105
744 748
267 809
419 63
274 669
844 836
97 774
706 696
415 801
20 665
402 172
829 755
483 833
269 348
436 902
807 145
149 108
206 119
81 305
393 77
627 231
857 261
890 887
250 132
628 270
616 557
687 407
835 845
857 338
153 608
185 615
95 54
868 374
361 531
96 245
635 647
416 870
880 832
269 537
101 546
372 846
639 860
381 648
353 821
671 310
711 773
87 897
523 788
206 214
796 498
874 4
622 836
914 923
554 44
518 62
403 760
23 291
584 177
197 898
862 908
439 30
442 302
868 6
482 575
262 127
529 491
732 835
477 376
813 563
210 414
363 42
36 924
739 128
818 529
716 176
682 919
275 23
847 485
153 380
302 828
367 63
869 153
652 164
429 93
759 421
282 731
1 548
534 51
811 730
22 210
815 356
643 591
19 796
870 897
820 768
268 197
487 467
808 840
164 505
628 168
483 890
282 473
798 134
489 897
453 336
354 724
688 609
139 570
803 166
836 745
52 258
659 282
862 413
260 140
651 654
512 200
927 464
41 377
715 503
311 821
22 422
353 170
530 682
433 338
397 865
252 868
236 289
443 921
480 909
160 779
620 516
659 471
168 144
902 133
796 562
345 178
175 233
197 188
524 718
120 508
469 637
419 351
78 842
629 842
316 859
154 912
46 233
842 72
348 350
204 896
722 632
387 361
628 133
369 592
869 189
374 483
33 291
912 870
385 494
739 491
64 49
899 208
926 817
601 462
33 412
34 258
515 922
124 711
97 756
205 182
700 725
119 741
652 353
653 621
286 244
623 543
294 825
905 831
505 136
32 701
417 212
898 413
699 673
740 771
41 292
617 723
844 279
366 386
148 735
226 391
308 628
700 227
390 216
563 685
33 906
496 331
78 287
514 884
146 647
202 590
849 822
569 522
338 635
230 510
379 10
288 368
568 630
724 685
676 422
790 881
922 866
707 607
65 136
446 202
873 190
358 493
409 750
278 674
814 159
303 670
435 91
436 384
240 1
864 518
918 73
540 14
408 119
585 281
346 271
56 94
918 621
742 161
563 196
817 769
683 277
460 343
649 531
62 568
871 258
698 868
