12778.9061863
1129.02970815
1244.05664815
1276.09811815
1333.11957815
1372.15160815
1430.17233815
1501.20944815
1535.21493815
1629.30440815
1691.31604815
1732.31359815
1788.36880815
1847.34053815
1889.41648815
1944.39329815
1992.42567815
2041.44605815
2129.48458815
2142.49373815
2260.52507815
2279.55264815
2366.58467815
2391.56556815
2463.63743815
2478.59759815
2534.67454815
2591.69600815
2609.63808815
2712.64727815
2777.77531815
2827.67421815
2874.82807815
2958.71470815
2987.91213815
3058.94924815
3071.79876815
3168.85152815
3206.01765815
3315.91993815
3392.09696815
3478.98326815
3505.18102815
3566.01529815
3633.27598815
3752.09460815
3819.35529815
3849.14736815
3918.42370815
3936.17939815
4050.22232815
4065.49211815
4164.26525815
4180.51905815
4235.30236815
4293.60311815
4382.37077815
4396.61230815
4497.65998815
4513.41126815
4610.74404815
4660.47967815
4723.82810815
4807.54808815
4822.89651815
4921.59101815
4953.93700815
5050.63360815
5053.00541815
5153.64279815
5167.04834815
5254.08037815
5281.70137815
5367.16443815
5394.78543815
5438.20154815
5451.80689815
5541.21073815
5550.87530815
5704.27406815
5706.97641815
5761.29552815
5820.06047815
5917.39663815
5957.11938815
6018.44431815
6058.16706815
6172.20999815
6204.52362815
6275.21918815
6317.60768815
6461.29849815
6503.68699815
6574.38255815
6606.69618815
6720.73911815
6760.46186815
6821.78679815
6861.50954815
6958.84570815
7017.61065815
7071.92976815
7074.63211815
7228.03087815
7237.69544815
7327.09928815
7340.70463815
7384.12074815
7411.74174815
7497.20480815
7524.82580815
7611.85783815
7625.26338815
7725.90076815
7728.27257815
7824.96917815
7857.31516815
7956.00966815
7971.35809815
8055.07807815
8118.42650815
8168.16213815
8265.49491815
8281.24619815
8382.29387815
8396.53540815
8485.30306815
8543.60381815
8598.38712815
8614.64092815
8713.41406815
8728.68385815
8842.72678815
8860.48247815
8929.75881815
8959.55088815
9026.81157815
9145.63019815
9212.89088815
9273.72515815
9299.92291815
9386.80921815
9462.98624815
9572.88852815
9610.05465815
9707.10741815
9719.95693815
9790.99404815
9820.19147815
9904.07810815
9951.23196815
10001.1308681
10066.2589081
10169.2680981
10187.2101781
10244.2316381
10300.3085881
10315.2687481
10387.3406181
10412.3215081
10499.3535381
10518.3811081
10636.4124481
10649.4215981
10737.4601281
10786.4805081
10834.5128881
10889.4896981
10931.5656481
10990.5373781
11046.5925881
11087.5901381
11149.6017781
11243.6912481
11277.6967381
11348.7338481
11406.7545781
11445.7866081
11502.8080681
11534.8495381
11649.8764781
