1

838 1769
1 828
2 564
3 258
3 83
3 222
4 722
4 484
4 238
5 638
5 543
6 624
6 59
6 87
7 97
7 517
7 831
8 79
9 816
9 738
10 36
11 582
11 687
11 561
11 118
11 60
11 253
12 626
12 570
14 704
14 639
15 456
15 692
16 281
16 514
16 167
17 35
17 134
17 14
18 377
18 558
18 809
19 234
20 816
20 456
21 785
21 20
22 217
22 613
23 12
23 717
25 801
25 778
25 653
26 57
26 598
26 151
27 140
28 681
28 639
29 344
29 724
29 551
31 816
31 563
31 100
32 550
33 631
34 710
34 150
35 328
35 201
35 759
35 79
35 409
35 25
36 232
37 502
38 315
39 490
39 46
40 336
40 697
40 563
40 181
41 51
42 464
42 83
43 721
43 309
43 647
44 803
45 528
45 450
46 656
46 132
46 621
47 346
47 823
47 679
48 808
48 793
48 22
49 645
49 134
51 837
52 528
52 523
52 524
54 768
56 539
56 105
56 115
57 212
58 672
58 793
58 651
58 772
58 155
60 472
60 154
61 752
61 482
61 190
62 248
62 794
62 322
63 289
66 570
67 808
67 594
67 151
69 247
70 350
70 415
71 365
71 174
72 779
72 54
74 144
74 100
74 156
75 290
75 834
75 747
75 6
75 582
76 664
76 715
76 479
77 738
77 446
77 231
78 744
78 512
78 55
78 518
78 343
79 309
80 610
80 803
80 131
80 414
81 837
81 662
82 466
82 134
83 233
83 549
84 738
85 354
86 290
86 437
86 293
87 8
87 521
87 10
87 530
87 531
87 21
87 534
87 535
87 24
87 538
87 27
87 547
87 548
87 555
87 557
87 562
87 265
87 66
87 70
87 72
87 73
87 592
87 81
87 86
87 599
87 783
87 605
87 94
87 614
87 259
87 107
87 620
87 112
87 625
87 628
87 629
87 120
87 122
87 128
87 130
87 194
87 142
87 659
87 149
87 667
87 668
87 669
87 670
87 680
87 695
87 185
87 698
87 705
87 603
87 707
87 709
87 211
87 712
87 719
87 723
87 215
87 219
87 246
87 739
87 239
87 240
87 754
87 755
87 244
87 758
87 761
87 251
87 764
87 769
87 771
87 262
87 263
87 264
87 777
87 271
87 787
87 790
87 792
87 285
87 807
87 810
87 303
87 305
87 829
87 351
87 353
87 356
87 360
87 363
87 368
87 373
87 374
87 390
87 395
87 407
87 416
87 242
87 439
87 440
87 449
87 453
87 454
87 457
87 468
87 469
87 471
87 80
87 483
87 494
87 495
87 497
87 498
87 511
89 292
90 826
91 476
91 804
91 726
91 254
93 170
93 316
93 266
93 646
93 151
94 816
94 369
94 666
94 116
95 528
97 735
98 820
98 293
100 665
100 18
100 30
101 308
101 541
101 582
102 1
102 690
102 214
102 735
103 743
104 58
104 276
104 319
105 681
105 506
107 364
108 710
109 97
109 740
109 589
110 56
112 821
114 33
114 290
114 493
115 708
115 269
115 639
116 516
116 582
117 828
119 529
119 604
119 30
120 202
120 141
121 32
121 386
121 818
121 741
122 567
123 796
123 694
124 7
125 210
125 805
126 576
126 255
128 513
131 672
131 195
131 437
131 461
132 537
132 12
132 405
134 376
134 635
134 118
135 676
135 147
135 724
135 685
135 9
136 689
136 290
137 61
138 661
138 310
138 237
139 624
139 161
139 752
139 286
140 49
140 476
141 796
142 288
142 221
143 816
143 250
144 677
144 191
145 288
146 136
146 589
147 406
148 152
148 218
149 720
149 834
149 523
149 253
151 337
151 706
152 119
153 784
153 307
153 252
153 231
154 655
155 641
155 294
155 166
155 334
155 145
155 92
155 61
156 773
157 448
157 92
157 310
158 96
158 193
158 171
158 223
159 499
159 333
160 140
161 728
162 832
162 25
162 522
162 333
162 398
163 111
163 808
163 731
163 484
163 135
164 74
164 316
164 566
165 832
165 286
166 318
167 514
167 812
167 53
167 727
168 89
169 536
169 209
169 523
169 310
171 232
171 341
172 551
173 692
173 396
173 637
174 828
175 234
175 572
176 400
176 292
176 501
176 519
178 573
179 545
179 378
179 590
180 456
181 274
181 55
182 309
183 40
183 516
183 660
184 314
184 551
185 291
185 492
188 744
188 146
188 291
188 354
188 775
189 472
190 728
190 152
190 578
190 694
190 791
191 716
192 565
193 62
194 394
194 123
194 782
196 49
196 639
197 427
198 586
198 327
199 184
199 795
200 411
201 634
201 388
201 501
202 192
202 366
203 313
204 333
205 394
205 38
206 204
207 417
207 490
207 546
207 602
207 574
211 509
212 641
212 291
213 110
213 566
214 584
214 697
214 26
214 500
214 343
215 296
215 283
215 485
216 121
216 685
217 517
218 775
219 147
220 594
220 684
220 133
220 718
221 770
222 520
222 267
223 177
223 762
223 131
224 540
224 678
225 627
226 299
228 31
228 447
229 139
229 413
229 726
230 522
230 543
230 39
231 552
231 307
232 212
233 113
233 131
234 510
235 82
235 325
236 198
236 470
237 768
237 289
237 502
237 566
238 833
239 505
239 115
239 190
240 649
240 714
240 427
240 132
241 147
241 822
242 260
243 307
243 316
243 694
243 423
244 504
244 608
244 470
244 481
245 593
245 618
246 593
247 145
247 657
247 837
247 485
248 221
249 272
249 713
249 708
251 648
251 220
252 788
252 223
253 172
254 17
255 773
255 700
255 597
255 805
256 178
256 95
258 430
258 399
259 74
259 298
260 596
261 200
261 750
262 656
262 721
262 370
262 732
262 34
264 500
264 813
265 397
265 319
266 481
266 275
267 608
267 749
268 785
268 549
268 63
269 342
270 200
270 811
270 222
272 319
273 640
273 173
274 488
274 125
274 735
275 570
276 348
276 437
277 725
277 743
278 113
279 9
279 355
279 604
279 510
281 115
282 437
282 238
283 109
284 84
284 646
286 408
286 227
286 663
287 746
287 443
289 307
289 323
291 133
292 113
292 98
292 806
293 186
294 127
295 324
296 347
297 397
298 109
299 155
300 484
301 280
301 496
302 192
302 201
303 339
303 689
303 818
303 179
303 411
304 616
304 224
304 378
304 93
304 302
305 809
306 383
306 68
306 727
307 611
307 740
307 413
307 131
307 156
307 189
308 197
309 529
309 260
310 505
311 778
311 444
312 832
312 702
313 634
313 164
313 622
314 801
314 572
314 182
315 452
315 573
315 677
316 235
316 814
317 177
318 753
318 116
318 757
319 220
320 347
320 436
321 523
322 203
322 475
322 294
322 815
323 272
323 753
323 19
324 834
324 819
324 247
325 392
325 499
326 600
326 376
326 221
327 784
327 544
328 706
328 220
329 346
329 421
330 362
330 630
330 126
331 361
331 635
332 201
332 587
332 411
332 36
332 662
333 329
333 358
334 317
336 836
337 473
337 780
337 406
338 114
338 179
338 589
338 207
339 616
339 682
340 13
341 155
341 422
342 210
344 752
344 610
344 582
345 572
345 701
347 801
348 838
349 727
350 48
350 737
350 432
353 116
353 221
354 321
354 117
355 704
356 254
357 366
358 730
358 181
359 642
359 805
360 2
362 280
362 369
362 730
362 812
362 317
363 798
364 310
366 227
368 326
368 678
369 673
369 626
369 486
370 325
371 577
371 836
371 217
372 434
374 420
374 527
375 760
375 797
375 743
376 64
377 724
378 420
378 87
379 607
380 256
380 650
380 430
380 631
381 56
381 54
381 606
381 327
382 14
383 540
384 279
385 802
386 248
386 510
388 536
388 500
388 326
388 359
389 108
389 423
390 105
390 482
390 588
390 441
391 803
391 134
392 692
392 811
392 788
392 6
392 679
393 49
393 220
393 812
394 197
394 133
395 570
395 451
398 153
399 696
399 572
401 192
401 621
402 768
403 412
404 570
405 114
405 333
405 134
406 190
407 474
407 332
408 624
408 421
408 63
409 369
409 583
410 802
410 596
410 405
412 795
412 575
414 184
414 455
415 348
417 734
418 188
418 156
419 824
419 795
419 220
421 488
421 387
422 216
422 543
422 199
424 506
424 703
425 802
425 430
427 485
427 287
428 192
428 115
428 382
429 342
430 478
430 382
431 64
432 613
433 710
434 443
434 227
435 473
435 590
436 88
436 43
436 725
437 432
437 299
438 809
439 728
439 79
439 799
439 55
440 428
440 158
441 106
442 257
442 420
442 686
442 690
442 569
442 286
443 224
444 551
446 570
447 725
447 375
448 729
448 59
449 169
449 575
449 652
449 310
449 577
450 425
450 827
450 28
450 311
451 88
451 105
451 12
451 228
453 432
453 101
454 484
454 76
454 462
454 16
454 478
454 287
455 584
455 1
455 619
455 766
455 559
456 230
456 431
457 734
457 103
458 675
459 359
460 282
460 734
462 811
462 254
462 447
463 192
463 294
463 519
463 168
463 816
463 757
464 762
464 3
465 328
465 491
466 593
466 180
467 563
467 811
467 499
468 301
469 721
469 630
469 743
470 700
470 805
472 237
472 54
473 683
473 155
473 663
475 193
475 181
476 445
477 426
478 52
478 518
479 721
479 172
480 225
480 466
480 228
480 190
482 187
483 480
483 458
483 556
484 362
484 541
485 656
485 689
485 358
486 577
486 443
488 256
488 411
488 124
488 735
488 391
489 64
489 217
492 77
492 734
493 346
493 317
494 204
494 78
495 801
495 460
496 737
496 50
496 171
496 13
497 104
497 496
497 274
499 318
500 370
500 587
500 84
500 421
501 352
501 64
501 99
501 763
501 575
502 241
503 346
504 278
505 372
505 134
506 200
506 699
507 834
507 486
508 150
508 391
509 760
509 221
510 689
510 405
510 423
511 630
512 681
512 565
512 190
512 207
513 824
513 129
514 60
515 196
515 90
515 780
515 182
515 631
516 322
518 506
519 708
519 685
519 157
521 347
521 143
521 663
522 434
522 93
523 213
524 679
525 677
527 309
527 463
528 476
530 225
530 514
531 665
531 67
531 279
532 308
532 582
533 312
533 442
533 134
534 201
534 751
535 156
535 766
535 462
537 336
537 288
537 762
537 756
538 748
539 834
539 778
539 23
539 93
539 574
539 383
540 297
540 326
540 759
542 736
542 683
542 782
542 127
543 281
544 435
544 190
545 4
548 706
548 389
549 570
549 26
549 71
550 54
550 671
551 57
551 210
551 1
551 626
551 159
552 726
552 663
553 384
553 67
553 671
554 688
554 537
554 595
554 235
555 145
555 765
555 766
556 692
556 255
558 170
559 658
559 67
559 180
560 474
560 527
561 553
561 355
561 781
562 31
563 32
563 152
563 516
563 65
564 504
564 644
564 300
564 30
565 224
565 818
566 292
566 45
566 126
567 472
567 196
568 728
568 432
568 306
568 148
570 137
571 344
571 59
573 304
574 432
574 299
574 279
575 744
575 272
575 681
577 358
578 690
578 428
578 799
579 129
580 490
581 568
581 136
581 236
582 763
582 221
583 197
583 230
583 615
583 275
583 596
583 725
584 344
584 801
584 222
585 656
585 633
587 320
587 367
588 609
588 435
589 138
589 299
589 533
589 191
590 177
590 805
590 270
590 567
591 420
591 69
591 338
591 724
591 693
591 188
592 490
592 574
593 275
593 291
593 789
593 583
594 372
595 184
595 89
596 532
596 508
597 641
597 331
597 774
598 491
598 68
599 821
600 260
600 502
601 514
601 79
602 337
602 277
602 39
603 292
603 372
603 350
603 103
604 697
604 379
604 811
604 1
605 16
605 364
605 287
606 272
606 385
607 320
607 465
607 237
610 248
610 433
610 349
611 529
611 123
611 12
612 472
612 269
613 144
613 12
613 767
614 124
614 179
614 324
615 747
616 414
617 578
618 800
618 571
618 676
619 49
619 28
619 630
620 806
621 83
624 238
625 283
625 428
625 734
626 169
626 613
626 681
627 408
627 632
629 18
629 20
630 67
630 243
631 11
631 565
634 776
634 172
636 174
636 838
637 552
637 525
638 275
640 45
641 706
641 284
641 519
642 100
642 582
643 205
644 487
645 345
645 729
645 91
645 44
645 463
646 576
646 116
648 594
648 391
649 124
649 101
650 357
650 318
650 831
651 713
651 268
651 631
652 584
652 68
653 138
653 76
653 730
653 814
654 233
654 642
654 467
654 591
655 560
656 749
656 5
658 593
658 371
658 197
659 569
659 338
659 197
660 189
660 502
661 616
661 58
661 798
662 209
662 261
663 330
664 600
664 175
666 344
666 818
666 514
666 302
667 674
667 315
667 164
668 275
668 163
669 554
669 626
670 432
670 209
670 26
670 551
671 256
672 29
672 527
673 384
674 176
674 337
674 770
674 118
675 310
675 502
676 612
676 526
676 54
677 186
678 481
678 391
679 224
679 806
680 747
680 332
680 165
680 822
681 544
681 288
682 748
682 138
682 652
682 609
683 458
683 436
685 472
685 507
686 160
686 824
686 404
686 550
686 175
687 226
687 75
688 320
688 150
690 258
692 131
692 220
693 781
693 357
694 564
695 528
696 593
697 765
698 616
699 533
700 617
700 394
700 15
701 768
701 417
701 613
702 502
703 183
704 489
704 118
704 465
705 766
705 687
706 408
706 213
706 365
707 362
709 522
709 436
709 135
710 110
711 737
713 737
713 786
713 691
713 82
714 768
714 393
714 618
714 78
715 745
715 477
716 404
716 506
716 3
716 20
718 115
718 811
718 611
719 464
719 623
720 536
720 528
720 346
720 355
720 710
721 243
722 585
722 428
722 381
723 581
724 641
724 322
725 119
726 697
726 186
726 212
727 220
727 725
727 151
729 229
730 426
730 756
730 394
730 150
730 111
732 759
733 131
733 380
734 520
734 607
735 400
735 276
735 436
737 733
738 308
738 542
739 697
739 734
740 361
740 543
740 45
740 781
741 529
741 195
742 838
742 223
743 633
743 77
743 118
743 589
744 781
745 578
745 100
745 413
745 310
746 577
746 85
747 446
747 54
750 711
750 329
750 462
750 817
750 114
750 467
750 699
751 726
752 96
752 836
752 756
752 485
752 541
753 781
753 47
754 57
754 743
755 773
755 518
755 711
755 525
755 402
755 275
755 245
757 336
757 711
757 623
758 601
759 825
759 6
759 742
759 295
760 424
760 716
761 388
761 770
761 612
762 418
762 164
762 31
763 162
764 19
764 309
765 320
765 403
766 520
766 563
767 91
768 626
768 2
769 580
769 62
770 608
770 617
770 459
770 559
771 502
772 208
772 410
772 611
773 102
773 114
773 654
773 334
775 256
775 249
776 38
776 375
778 673
778 83
778 597
779 336
780 725
781 768
781 515
781 579
781 175
782 460
783 126
784 315
784 37
785 691
785 221
786 432
786 770
786 323
788 505
788 724
789 256
789 167
791 297
791 434
791 343
792 89
792 163
792 491
793 429
794 200
794 392
795 560
795 512
795 650
795 756
795 13
797 401
797 636
797 270
797 711
798 297
798 178
798 830
798 6
798 559
799 834
800 385
800 58
800 369
800 287
801 643
801 713
801 234
801 652
801 109
801 767
802 575
803 273
803 383
804 294
804 582
805 558
805 821
805 822
806 832
806 425
806 814
806 687
808 41
808 738
810 672
810 341
810 582
811 782
812 196
812 167
813 313
813 204
814 748
815 704
815 293
816 697
816 283
816 5
817 730
817 380
817 438
818 685
819 381
819 838
821 817
821 419
822 774
823 634
824 154
824 314
824 206
825 44
825 490
825 108
825 269
825 687
826 576
826 340
827 421
827 71
828 42
828 204
828 503
829 129
829 802
829 301
829 335
830 52
830 101
830 175
831 601
831 322
832 269
833 193
833 337
834 835
834 300
834 838
836 291
836 109
838 673
838 747
838 651

