2836.73500464
2965.77759464
3036.81470464
3088.42208361
3132.17291332
3164.87328464
3246.70948021
3263.94169464
3332.97041198
3339.85696638
3350.97372464
3438.02789038
3448.02648464
3450.44552084
3461.78358364
3489.49019138
3595.09489464
3619.91464977
3692.14765464
3774.64863617
3823.18814464
3938.21508464
4075.27399464
4146.31110464
4252.15643775
4309.37443464
4393.33761059
4446.43334464
4446.43334464
4543.48610464
4575.47593464
4656.57016464
4674.54434464
4769.65422464
4821.61275464
4882.73828464
4934.69681464
4995.82234464
5021.72884464
5092.87510464
5111.8419425
5180.14831998
5191.94351464
5207.80815464
5288.99627464
5363.90926464
5392.00546464
5477.95219464
5505.08952464
5631.58076133
5642.14843464
5664.03150464
5755.23249464
5764.83805677
5792.09008464
5883.32745464
5939.15849464
6042.16768464
6069.40676464
6145.17687464
6166.45952464
6190.29812343
6214.88931224
6273.23545464
6281.48646464
6344.27256464
6428.00359299
6432.96774546
6437.58757464
6443.85621161
6500.37367464
6549.50353477
6551.63050464
6664.71456464
6686.45298464
6726.07716437
6729.83093453
6849.51631464
7035.59562464
7059.32207837
7132.64838464
