4954.72665577
4999.45761129
5011.74811577
5044.49106282
5108.56157484
5148.80702577
5186.56900324
5219.25109288
5276.86560577
5348.72086617
5376.7805658
5379.87479577
5476.92755577
5518.56835923
5533.94901577
5586.22011604
5611.78503305
5662.99160577
5694.53867612
5776.07566577
5875.41519871
5882.81515825
5892.11957652
5904.13424577
5941.11873091
5950.55326828
6032.22920577
6074.79268028
6096.43561061
6129.28196577
6152.53848634
6186.30342577
6218.30851577
6245.4247028
6285.37183577
6291.70311809
6292.30117355
6346.52384161
6356.40894577
6365.37692577
6452.40895577
6455.47735577
6521.11938673
6547.80426564
6554.54576577
6565.07983105
6577.28219245
6623.73688728
6638.48826577
6651.59852577
6696.19531788
6701.48485831
6735.54102577
6756.81011522
6776.38540025
6782.7513647
6811.85293207
6814.66185577
6852.19905385
6864.58361577
6871.89012701
6918.81267691
6978.62654577
7000.74116577
7041.91749597
7048.0499567
7061.27697325
7092.66947577
7102.88235922
7114.78409577
7163.70658577
7217.79328577
7278.73352577
7285.31812195
7390.00668215
7391.24044246
7391.81758577
7403.87259577
7448.83904577
7459.20111504
7471.00900535
7490.90462577
7517.20841844
7551.84823577
7603.98868577
7652.59830054
7680.89082577
7701.04144577
7738.73412259
7785.02489868
7817.94973577
7961.82166064
7981.01306577
