1619.6569712
1635.99321033
1748.6995612
1805.64589367
1819.7366712
1947.7952512
1969.55690223
1992.77298628
2018.8323612
2155.8912712
2184.50501725
2269.87357121
2286.9317612
2296.98174574
2377.15060646
2400.0158212
2452.45015207
2486.24343199
2500.97887947
2513.0998812
2524.94454951
2554.70924538
2612.1682912
2740.2268712
2845.16875085
2896.3279812
3022.48105982
3043.3963912
3142.4648012
3257.4917412
3264.36983731
3284.75432064
3348.34183875
3372.5186812
3479.36960466
3487.5456212
3574.5776512
3664.97100954
3688.62662028
3719.95252632
3737.6409812
3760.6569612
3810.72033984
3851.6839112
3866.54492788
3923.7202912
3933.39273011
3954.6931012
3994.7574012
4025.7302112
4035.91287275
4113.25780167
4124.7986212
4150.8585112
4237.8905412
4253.8412112
4336.9589512
4381.8997912
4419.02401214
4474.0178612
4494.9838512
4528.74379045
4571.0706212
4602.67494294
4608.0679112
4686.57368113
4734.1339512
4739.1084012
4805.1710612
4852.1924612
4951.2608712
4952.2394712
4991.32353835
5054.2700612
5089.2983812
5125.3071712
5158.38777549
5163.012471
5188.3667912
5253.3657512
5317.4093812
5341.82954
5404.4414112
5480.52449933
5507.4506012
5608.4982812
5711.5074712
5874.5708012
5874.73542465
5981.24610215
6010.18136882
6030.6719112
