884
157 297
2 3
636 216
252 169
288 234
649 356
369 38
202 427
92 238
15 10
364 213
639 519
114 247
236 45
15 27
37 774
591 69
3 7
477 1
695 623
817 231
509 831
597 744
702 721
310 257
268 97
175 216
612 420
265 314
725 674
70 322
149 451
796 218
278 300
273 250
38 178
1 9
52 466
309 694
353 385
306 266
161 147
5 4
114 651
253 237
717 417
82 32
157 46
538 298
19 118
191 854
522 386
42 150
108 344
41 48
198 496
67 756
202 185
217 215
92 23
352 321
426 74
113 106
34 166
193 146
302 328
31 36
432 434
693 846
386 473
619 834
5 348
301 254
352 479
106 696
438 323
506 606
541 224
24 365
291 122
629 203
262 191
14 263
142 141
865 743
250 705
312 535
271 303
856 436
642 299
356 372
234 298
57 101
285 135
11 8
264 568
400 336
187 34
94 1
140 214
716 749
270 22
565 249
9 315
433 779
19 23
133 16
209 391
80 140
706 239
137 82
66 30
259 175
614 70
389 373
308 508
181 419
509 193
216 635
598 631
449 320
114 24
576 468
80 575
679 144
493 557
96 249
226 3
126 162
43 132
572 401
290 327
573 171
320 166
506 246
577 347
78 3
11 22
726 603
673 681
313 467
859 20
175 166
32 17
689 699
79 340
848 515
117 6
701 391
600 764
724 747
235 422
825 262
64 58
237 375
431 443
37 2
755 656
827 22
233 309
822 745
791 159
224 392
645 212
578 366
297 666
409 80
50 159
278 685
416 37
870 64
149 242
47 276
282 736
867 283
215 225
382 869
127 206
288 735
209 186
674 136
335 222
52 745
732 355
620 89
519 376
655 151
640 453
513 374
155 144
156 341
80 43
13 4
102 353
7 26
30 106
246 168
66 494
207 394
97 112
700 385
199 571
545 737
655 821
9 169
290 406
406 595
258 105
554 878
591 832
114 233
248 149
210 88
49 87
5 12
368 183
254 14
778 48
63 35
119 307
22 102
562 560
135 624
132 139
145 74
26 52
678 140
123 25
223 357
308 4
286 142
493 88
244 470
79 32
305 34
390 432
580 710
718 189
3 182
313 241
201 92
609 376
654 254
215 214
218 515
752 66
446 373
79 103
34 462
292 762
42 58
226 875
770 153
134 769
396 200
134 189
18 141
487 492
179 48
322 440
652 503
490 11
404 503
284 500
134 192
241 488
44 4
323 128
393 275
418 847
452 184
145 234
303 401
134 240
331 550
412 851
168 72
872 745
858 661
95 126
669 844
611 569
26 35
300 311
413 257
133 244
421 436
14 39
208 171
787 541
9 73
596 255
136 108
766 115
333 46
455 128
109 643
828 481
871 719
81 7
57 59
404 171
105 100
482 275
192 382
2 4
90 342
128 173
585 116
95 768
115 4
138 116
144 558
387 98
784 11
632 614
325 204
759 284
266 124
225 771
50 350
306 713
216 326
51 390
469 60
184 264
148 383
157 447
675 38
581 24
158 134
1 20
352 850
497 432
546 350
461 113
292 170
556 420
487 733
512 657
839 264
569 152
504 163
245 312
714 601
44 411
16 15
104 160
207 164
128 5
205 143
24 146
98 359
232 47
43 51
21 31
716 428
873 452
90 474
132 366
37 866
617 494
94 453
547 810
395 42
324 68
622 194
602 505
495 477
72 17
248 425
109 64
518 349
211 662
212 26
677 255
567 246
249 402
79 852
72 228
238 456
159 499
833 762
861 126
186 50
57 5
126 653
738 31
868 675
271 45
119 171
341 857
516 816
757 408
739 520
594 319
186 275
183 758
544 2
62 630
463 326
115 647
381 881
43 200
161 773
664 87
837 204
711 233
272 115
452 613
15 280
524 323
161 672
589 836
763 712
122 5
221 299
177 14
781 546
619 273
89 84
29 107
677 707
203 362
203 277
824 207
621 140
30 20
543 882
201 444
790 317
663 109
287 160
444 650
51 731
34 70
510 170
93 555
115 349
32 56
218 64
694 806
90 82
537 586
601 87
439 325
667 27
398 545
12 131
761 127
65 53
802 197
26 274
10 2
715 19
5 570
535 625
171 454
38 49
19 54
607 324
147 198
148 197
746 483
146 590
201 548
116 347
461 638
15 33
863 884
403 29
518 688
287 598
104 100
172 155
47 129
600 524
782 412
282 18
390 563
77 44
754 732
40 27
430 396
373 197
536 48
529 517
366 397
727 202
670 112
687 71
815 540
35 780
813 136
135 883
144 468
597 457
468 708
631 879
28 60
539 166
316 306
626 383
532 97
329 304
164 131
330 108
42 55
75 83
241 588
534 96
644 278
175 740
478 676
92 580
583 530
132 221
610 412
134 30
86 79
449 498
86 376
775 636
734 629
71 181
512 276
11 47
122 561
355 864
154 152
235 56
433 108
28 195
28 11
849 740
72 388
88 599
71 60
142 331
130 203
459 287
211 584
290 278
811 579
842 338
181 475
332 257
90 551
319 835
263 537
1 120
445 542
59 410
37 61
61 483
93 144
71 110
841 635
27 345
88 10
211 239
361 371
547 582
143 3
138 183
372 465
98 97
95 381
211 51
595 661
304 351
310 354
741 226
441 484
93 65
690 608
270 843
602 724
342 448
826 732
862 575
173 245
148 2
55 334
412 75
712 416
51 471
525 427
74 50
481 151
293 16
80 241
91 25
61 414
531 1
296 259
50 3
88 318
509 777
799 508
339 256
274 358
1 2
435 69
464 261
797 555
338 208
66 665
668 499
32 220
346 162
422 804
355 742
375 680
222 78
564 195
703 541
527 521
69 152
279 181
480 185
78 660
295 47
399 52
658 830
194 505
251 818
187 507
303 386
159 516
24 151
600 618
789 792
107 549
190 384
108 23
553 452
162 237
748 61
289 415
567 751
6 21
378 370
675 876
106 261
294 380
119 458
672 785
159 445
8 45
491 543
376 702
547 185
6 8
82 176
142 191
27 294
829 376
523 128
117 478
119 64
457 421
170 74
256 284
360 697
814 679
194 627
431 514
367 180
34 15
9 62
760 125
114 174
801 255
84 43
800 475
163 103
365 616
589 87
776 376
111 77
476 212
258 633
24 23
70 374
223 127
249 554
135 132
388 520
257 154
96 12
149 12
53 31
400 608
623 409
166 805
371 634
486 20
431 65
487 24
185 11
194 25
442 232
845 775
393 684
366 421
109 511
99 9
217 604
283 189
129 255
41 76
6 18
180 256
743 297
304 102
336 260
260 149
765 630
343 63
491 394
686 503
683 448
11 153
860 684
441 232
307 356
593 265
1 100
187 361
789 83
716 729
319 185
251 85
123 379
368 566
110 147
664 728
3 17
812 39
12 188
533 50
874 8
788 260
83 116
42 429
363 360
10 14
628 162
399 437
124 45
130 213
240 278
395 423
194 450
380 795
453 808
289 19
588 819
352 574
243 159
697 820
215 603
29 224
85 83
138 196
127 4
606 669
319 417
692 78
199 698
167 146
63 877
262 355
185 377
113 793
385 722
503 559
199 106
227 117
530 75
57 121
16 41
3 130
174 231
753 514
5 75
220 420
516 693
616 648
120 646
519 579
663 772
1 6
783 3
823 690
419 472
730 293
23 68
880 487
